,State FIPS,County FIPS,FIPS,State Name,Area Name
0,1,1,1001,Alabama,Autauga County
1,1,3,1003,Alabama,Baldwin County
2,1,5,1005,Alabama,Barbour County
3,1,7,1007,Alabama,Bibb County
4,1,9,1009,Alabama,Blount County
5,1,11,1011,Alabama,Bullock County
6,1,13,1013,Alabama,Butler County
7,1,15,1015,Alabama,Calhoun County
8,1,17,1017,Alabama,Chambers County
9,1,19,1019,Alabama,Cherokee County
10,1,21,1021,Alabama,Chilton County
11,1,23,1023,Alabama,Choctaw County
12,1,25,1025,Alabama,Clarke County
13,1,27,1027,Alabama,Clay County
14,1,29,1029,Alabama,Cleburne County
15,1,31,1031,Alabama,Coffee County
16,1,33,1033,Alabama,Colbert County
17,1,35,1035,Alabama,Conecuh County
18,1,37,1037,Alabama,Coosa County
19,1,39,1039,Alabama,Covington County
20,1,41,1041,Alabama,Crenshaw County
21,1,43,1043,Alabama,Cullman County
22,1,45,1045,Alabama,Dale County
23,1,47,1047,Alabama,Dallas County
24,1,49,1049,Alabama,Dekalb County
25,1,51,1051,Alabama,Elmore County
26,1,53,1053,Alabama,Escambia County
27,1,55,1055,Alabama,Etowah County
28,1,57,1057,Alabama,Fayette County
29,1,59,1059,Alabama,Franklin County
30,1,61,1061,Alabama,Geneva County
31,1,63,1063,Alabama,Greene County
32,1,65,1065,Alabama,Hale County
33,1,67,1067,Alabama,Henry County
34,1,69,1069,Alabama,Houston County
35,1,71,1071,Alabama,Jackson County
36,1,73,1073,Alabama,Jefferson County
37,1,75,1075,Alabama,Lamar County
38,1,77,1077,Alabama,Lauderdale County
39,1,79,1079,Alabama,Lawrence County
40,1,81,1081,Alabama,Lee County
41,1,83,1083,Alabama,Limestone County
42,1,85,1085,Alabama,Lowndes County
43,1,87,1087,Alabama,Macon County
44,1,89,1089,Alabama,Madison County
45,1,91,1091,Alabama,Marengo County
46,1,93,1093,Alabama,Marion County
47,1,95,1095,Alabama,Marshall County
48,1,97,1097,Alabama,Mobile County
49,1,99,1099,Alabama,Monroe County
50,1,101,1101,Alabama,Montgomery County
51,1,103,1103,Alabama,Morgan County
52,1,105,1105,Alabama,Perry County
53,1,107,1107,Alabama,Pickens County
54,1,109,1109,Alabama,Pike County
55,1,111,1111,Alabama,Randolph County
56,1,113,1113,Alabama,Russell County
57,1,115,1115,Alabama,St. Clair County
58,1,117,1117,Alabama,Shelby County
59,1,119,1119,Alabama,Sumter County
60,1,121,1121,Alabama,Talladega County
61,1,123,1123,Alabama,Tallapoosa County
62,1,125,1125,Alabama,Tuscaloosa County
63,1,127,1127,Alabama,Walker County
64,1,129,1129,Alabama,Washington County
65,1,131,1131,Alabama,Wilcox County
66,1,133,1133,Alabama,Winston County
67,2,13,2013,Alaska,Aleutians East Borough
68,2,16,2016,Alaska,Aleutians West Census Area
69,2,20,2020,Alaska,Anchorage Municipality
70,2,50,2050,Alaska,Bethel Census Area
71,2,60,2060,Alaska,Bristol Bay Borough
72,2,68,2068,Alaska,Denali Borough
73,2,70,2070,Alaska,Dillingham Census Area
74,2,90,2090,Alaska,Fairbanks North Star Borough
75,2,100,2100,Alaska,Haines Borough
76,2,105,2105,Alaska,Hoonah-Angoon Census Area
77,2,110,2110,Alaska,Juneau City And Borough
78,2,122,2122,Alaska,Kenai Peninsula Borough
79,2,130,2130,Alaska,Ketchikan Gateway Borough
80,2,150,2150,Alaska,Kodiak Island Borough
81,2,158,2158,Alaska,Kusilvak Census Area
82,2,164,2164,Alaska,Lake And Peninsula Borough
83,2,170,2170,Alaska,Matanuska-Susitna Borough
84,2,180,2180,Alaska,Nome Census Area
85,2,185,2185,Alaska,North Slope Borough
86,2,188,2188,Alaska,Northwest Arctic Borough
87,2,195,2195,Alaska,Petersburg Borough
88,2,198,2198,Alaska,Prince Of Wales-Hyder Census Area
89,2,220,2220,Alaska,Sitka City And Borough
90,2,230,2230,Alaska,Skagway Municipality
91,2,240,2240,Alaska,Southeast Fairbanks Census Area
92,2,261,2261,Alaska,Valdez-Cordova Census Area
93,2,275,2275,Alaska,Wrangell City And Borough
94,2,282,2282,Alaska,Yakutat City And Borough
95,2,290,2290,Alaska,Yukon-Koyukuk Census Area
96,4,1,4001,Arizona,Apache County
97,4,3,4003,Arizona,Cochise County
98,4,5,4005,Arizona,Coconino County
99,4,7,4007,Arizona,Gila County
100,4,9,4009,Arizona,Graham County
101,4,11,4011,Arizona,Greenlee County
102,4,12,4012,Arizona,La Paz County
103,4,13,4013,Arizona,Maricopa County
104,4,15,4015,Arizona,Mohave County
105,4,17,4017,Arizona,Navajo County
106,4,19,4019,Arizona,Pima County
107,4,21,4021,Arizona,Pinal County
108,4,23,4023,Arizona,Santa Cruz County
109,4,25,4025,Arizona,Yavapai County
110,4,27,4027,Arizona,Yuma County
111,5,1,5001,Arkansas,Arkansas County
112,5,3,5003,Arkansas,Ashley County
113,5,5,5005,Arkansas,Baxter County
114,5,7,5007,Arkansas,Benton County
115,5,9,5009,Arkansas,Boone County
116,5,11,5011,Arkansas,Bradley County
117,5,13,5013,Arkansas,Calhoun County
118,5,15,5015,Arkansas,Carroll County
119,5,17,5017,Arkansas,Chicot County
120,5,19,5019,Arkansas,Clark County
121,5,21,5021,Arkansas,Clay County
122,5,23,5023,Arkansas,Cleburne County
123,5,25,5025,Arkansas,Cleveland County
124,5,27,5027,Arkansas,Columbia County
125,5,29,5029,Arkansas,Conway County
126,5,31,5031,Arkansas,Craighead County
127,5,33,5033,Arkansas,Crawford County
128,5,35,5035,Arkansas,Crittenden County
129,5,37,5037,Arkansas,Cross County
130,5,39,5039,Arkansas,Dallas County
131,5,41,5041,Arkansas,Desha County
132,5,43,5043,Arkansas,Drew County
133,5,45,5045,Arkansas,Faulkner County
134,5,47,5047,Arkansas,Franklin County
135,5,49,5049,Arkansas,Fulton County
136,5,51,5051,Arkansas,Garland County
137,5,53,5053,Arkansas,Grant County
138,5,55,5055,Arkansas,Greene County
139,5,57,5057,Arkansas,Hempstead County
140,5,59,5059,Arkansas,Hot Spring County
141,5,61,5061,Arkansas,Howard County
142,5,63,5063,Arkansas,Independence County
143,5,65,5065,Arkansas,Izard County
144,5,67,5067,Arkansas,Jackson County
145,5,69,5069,Arkansas,Jefferson County
146,5,71,5071,Arkansas,Johnson County
147,5,73,5073,Arkansas,Lafayette County
148,5,75,5075,Arkansas,Lawrence County
149,5,77,5077,Arkansas,Lee County
150,5,79,5079,Arkansas,Lincoln County
151,5,81,5081,Arkansas,Little River County
152,5,83,5083,Arkansas,Logan County
153,5,85,5085,Arkansas,Lonoke County
154,5,87,5087,Arkansas,Madison County
155,5,89,5089,Arkansas,Marion County
156,5,91,5091,Arkansas,Miller County
157,5,93,5093,Arkansas,Mississippi County
158,5,95,5095,Arkansas,Monroe County
159,5,97,5097,Arkansas,Montgomery County
160,5,99,5099,Arkansas,Nevada County
161,5,101,5101,Arkansas,Newton County
162,5,103,5103,Arkansas,Ouachita County
163,5,105,5105,Arkansas,Perry County
164,5,107,5107,Arkansas,Phillips County
165,5,109,5109,Arkansas,Pike County
166,5,111,5111,Arkansas,Poinsett County
167,5,113,5113,Arkansas,Polk County
168,5,115,5115,Arkansas,Pope County
169,5,117,5117,Arkansas,Prairie County
170,5,119,5119,Arkansas,Pulaski County
171,5,121,5121,Arkansas,Randolph County
172,5,123,5123,Arkansas,St. Francis County
173,5,125,5125,Arkansas,Saline County
174,5,127,5127,Arkansas,Scott County
175,5,129,5129,Arkansas,Searcy County
176,5,131,5131,Arkansas,Sebastian County
177,5,133,5133,Arkansas,Sevier County
178,5,135,5135,Arkansas,Sharp County
179,5,137,5137,Arkansas,Stone County
180,5,139,5139,Arkansas,Union County
181,5,141,5141,Arkansas,Van Buren County
182,5,143,5143,Arkansas,Washington County
183,5,145,5145,Arkansas,White County
184,5,147,5147,Arkansas,Woodruff County
185,5,149,5149,Arkansas,Yell County
186,6,1,6001,California,Alameda County
187,6,3,6003,California,Alpine County
188,6,5,6005,California,Amador County
189,6,7,6007,California,Butte County
190,6,9,6009,California,Calaveras County
191,6,11,6011,California,Colusa County
192,6,13,6013,California,Contra Costa County
193,6,15,6015,California,Del Norte County
194,6,17,6017,California,El Dorado County
195,6,19,6019,California,Fresno County
196,6,21,6021,California,Glenn County
197,6,23,6023,California,Humboldt County
198,6,25,6025,California,Imperial County
199,6,27,6027,California,Inyo County
200,6,29,6029,California,Kern County
201,6,31,6031,California,Kings County
202,6,33,6033,California,Lake County
203,6,35,6035,California,Lassen County
204,6,37,6037,California,Los Angeles County
205,6,39,6039,California,Madera County
206,6,41,6041,California,Marin County
207,6,43,6043,California,Mariposa County
208,6,45,6045,California,Mendocino County
209,6,47,6047,California,Merced County
210,6,49,6049,California,Modoc County
211,6,51,6051,California,Mono County
212,6,53,6053,California,Monterey County
213,6,55,6055,California,Napa County
214,6,57,6057,California,Nevada County
215,6,59,6059,California,Orange County
216,6,61,6061,California,Placer County
217,6,63,6063,California,Plumas County
218,6,65,6065,California,Riverside County
219,6,67,6067,California,Sacramento County
220,6,69,6069,California,San Benito County
221,6,71,6071,California,San Bernardino County
222,6,73,6073,California,San Diego County
223,6,75,6075,California,San Francisco County
224,6,77,6077,California,San Joaquin County
225,6,79,6079,California,San Luis Obispo County
226,6,81,6081,California,San Mateo County
227,6,83,6083,California,Santa Barbara County
228,6,85,6085,California,Santa Clara County
229,6,87,6087,California,Santa Cruz County
230,6,89,6089,California,Shasta County
231,6,91,6091,California,Sierra County
232,6,93,6093,California,Siskiyou County
233,6,95,6095,California,Solano County
234,6,97,6097,California,Sonoma County
235,6,99,6099,California,Stanislaus County
236,6,101,6101,California,Sutter County
237,6,103,6103,California,Tehama County
238,6,105,6105,California,Trinity County
239,6,107,6107,California,Tulare County
240,6,109,6109,California,Tuolumne County
241,6,111,6111,California,Ventura County
242,6,113,6113,California,Yolo County
243,6,115,6115,California,Yuba County
244,8,1,8001,Colorado,Adams County
245,8,3,8003,Colorado,Alamosa County
246,8,5,8005,Colorado,Arapahoe County
247,8,7,8007,Colorado,Archuleta County
248,8,9,8009,Colorado,Baca County
249,8,11,8011,Colorado,Bent County
250,8,13,8013,Colorado,Boulder County
251,8,14,8014,Colorado,Broomfield County
252,8,15,8015,Colorado,Chaffee County
253,8,17,8017,Colorado,Cheyenne County
254,8,19,8019,Colorado,Clear Creek County
255,8,21,8021,Colorado,Conejos County
256,8,23,8023,Colorado,Costilla County
257,8,25,8025,Colorado,Crowley County
258,8,27,8027,Colorado,Custer County
259,8,29,8029,Colorado,Delta County
260,8,31,8031,Colorado,Denver County
261,8,33,8033,Colorado,Dolores County
262,8,35,8035,Colorado,Douglas County
263,8,37,8037,Colorado,Eagle County
264,8,39,8039,Colorado,Elbert County
265,8,41,8041,Colorado,El Paso County
266,8,43,8043,Colorado,Fremont County
267,8,45,8045,Colorado,Garfield County
268,8,47,8047,Colorado,Gilpin County
269,8,49,8049,Colorado,Grand County
270,8,51,8051,Colorado,Gunnison County
271,8,53,8053,Colorado,Hinsdale County
272,8,55,8055,Colorado,Huerfano County
273,8,57,8057,Colorado,Jackson County
274,8,59,8059,Colorado,Jefferson County
275,8,61,8061,Colorado,Kiowa County
276,8,63,8063,Colorado,Kit Carson County
277,8,65,8065,Colorado,Lake County
278,8,67,8067,Colorado,La Plata County
279,8,69,8069,Colorado,Larimer County
280,8,71,8071,Colorado,Las Animas County
281,8,73,8073,Colorado,Lincoln County
282,8,75,8075,Colorado,Logan County
283,8,77,8077,Colorado,Mesa County
284,8,79,8079,Colorado,Mineral County
285,8,81,8081,Colorado,Moffat County
286,8,83,8083,Colorado,Montezuma County
287,8,85,8085,Colorado,Montrose County
288,8,87,8087,Colorado,Morgan County
289,8,89,8089,Colorado,Otero County
290,8,91,8091,Colorado,Ouray County
291,8,93,8093,Colorado,Park County
292,8,95,8095,Colorado,Phillips County
293,8,97,8097,Colorado,Pitkin County
294,8,99,8099,Colorado,Prowers County
295,8,101,8101,Colorado,Pueblo County
296,8,103,8103,Colorado,Rio Blanco County
297,8,105,8105,Colorado,Rio Grande County
298,8,107,8107,Colorado,Routt County
299,8,109,8109,Colorado,Saguache County
300,8,111,8111,Colorado,San Juan County
301,8,113,8113,Colorado,San Miguel County
302,8,115,8115,Colorado,Sedgwick County
303,8,117,8117,Colorado,Summit County
304,8,119,8119,Colorado,Teller County
305,8,121,8121,Colorado,Washington County
306,8,123,8123,Colorado,Weld County
307,8,125,8125,Colorado,Yuma County
308,9,1,9001,Connecticut,Fairfield County
309,9,3,9003,Connecticut,Hartford County
310,9,5,9005,Connecticut,Litchfield County
311,9,7,9007,Connecticut,Middlesex County
312,9,9,9009,Connecticut,New Haven County
313,9,11,9011,Connecticut,New London County
314,9,13,9013,Connecticut,Tolland County
315,9,15,9015,Connecticut,Windham County
316,10,1,10001,Delaware,Kent County
317,10,3,10003,Delaware,New Castle County
318,10,5,10005,Delaware,Sussex County
319,11,1,11001,District of Columbia,District Of Columbia
320,12,1,12001,Florida,Alachua County
321,12,3,12003,Florida,Baker County
322,12,5,12005,Florida,Bay County
323,12,7,12007,Florida,Bradford County
324,12,9,12009,Florida,Brevard County
325,12,11,12011,Florida,Broward County
326,12,13,12013,Florida,Calhoun County
327,12,15,12015,Florida,Charlotte County
328,12,17,12017,Florida,Citrus County
329,12,19,12019,Florida,Clay County
330,12,21,12021,Florida,Collier County
331,12,23,12023,Florida,Columbia County
332,12,27,12027,Florida,Desoto County
333,12,29,12029,Florida,Dixie County
334,12,31,12031,Florida,Duval County
335,12,33,12033,Florida,Escambia County
336,12,35,12035,Florida,Flagler County
337,12,37,12037,Florida,Franklin County
338,12,39,12039,Florida,Gadsden County
339,12,41,12041,Florida,Gilchrist County
340,12,43,12043,Florida,Glades County
341,12,45,12045,Florida,Gulf County
342,12,47,12047,Florida,Hamilton County
343,12,49,12049,Florida,Hardee County
344,12,51,12051,Florida,Hendry County
345,12,53,12053,Florida,Hernando County
346,12,55,12055,Florida,Highlands County
347,12,57,12057,Florida,Hillsborough County
348,12,59,12059,Florida,Holmes County
349,12,61,12061,Florida,Indian River County
350,12,63,12063,Florida,Jackson County
351,12,65,12065,Florida,Jefferson County
352,12,67,12067,Florida,Lafayette County
353,12,69,12069,Florida,Lake County
354,12,71,12071,Florida,Lee County
355,12,73,12073,Florida,Leon County
356,12,75,12075,Florida,Levy County
357,12,77,12077,Florida,Liberty County
358,12,79,12079,Florida,Madison County
359,12,81,12081,Florida,Manatee County
360,12,83,12083,Florida,Marion County
361,12,85,12085,Florida,Martin County
362,12,86,12086,Florida,Miami-Dade County
363,12,87,12087,Florida,Monroe County
364,12,89,12089,Florida,Nassau County
365,12,91,12091,Florida,Okaloosa County
366,12,93,12093,Florida,Okeechobee County
367,12,95,12095,Florida,Orange County
368,12,97,12097,Florida,Osceola County
369,12,99,12099,Florida,Palm Beach County
370,12,101,12101,Florida,Pasco County
371,12,103,12103,Florida,Pinellas County
372,12,105,12105,Florida,Polk County
373,12,107,12107,Florida,Putnam County
374,12,109,12109,Florida,St. Johns County
375,12,111,12111,Florida,St. Lucie County
376,12,113,12113,Florida,Santa Rosa County
377,12,115,12115,Florida,Sarasota County
378,12,117,12117,Florida,Seminole County
379,12,119,12119,Florida,Sumter County
380,12,121,12121,Florida,Suwannee County
381,12,123,12123,Florida,Taylor County
382,12,125,12125,Florida,Union County
383,12,127,12127,Florida,Volusia County
384,12,129,12129,Florida,Wakulla County
385,12,131,12131,Florida,Walton County
386,12,133,12133,Florida,Washington County
387,13,1,13001,Georgia,Appling County
388,13,3,13003,Georgia,Atkinson County
389,13,5,13005,Georgia,Bacon County
390,13,7,13007,Georgia,Baker County
391,13,9,13009,Georgia,Baldwin County
392,13,11,13011,Georgia,Banks County
393,13,13,13013,Georgia,Barrow County
394,13,15,13015,Georgia,Bartow County
395,13,17,13017,Georgia,Ben Hill County
396,13,19,13019,Georgia,Berrien County
397,13,21,13021,Georgia,Bibb County
398,13,23,13023,Georgia,Bleckley County
399,13,25,13025,Georgia,Brantley County
400,13,27,13027,Georgia,Brooks County
401,13,29,13029,Georgia,Bryan County
402,13,31,13031,Georgia,Bulloch County
403,13,33,13033,Georgia,Burke County
404,13,35,13035,Georgia,Butts County
405,13,37,13037,Georgia,Calhoun County
406,13,39,13039,Georgia,Camden County
407,13,43,13043,Georgia,Candler County
408,13,45,13045,Georgia,Carroll County
409,13,47,13047,Georgia,Catoosa County
410,13,49,13049,Georgia,Charlton County
411,13,51,13051,Georgia,Chatham County
412,13,53,13053,Georgia,Chattahoochee County
413,13,55,13055,Georgia,Chattooga County
414,13,57,13057,Georgia,Cherokee County
415,13,59,13059,Georgia,Clarke County
416,13,61,13061,Georgia,Clay County
417,13,63,13063,Georgia,Clayton County
418,13,65,13065,Georgia,Clinch County
419,13,67,13067,Georgia,Cobb County
420,13,69,13069,Georgia,Coffee County
421,13,71,13071,Georgia,Colquitt County
422,13,73,13073,Georgia,Columbia County
423,13,75,13075,Georgia,Cook County
424,13,77,13077,Georgia,Coweta County
425,13,79,13079,Georgia,Crawford County
426,13,81,13081,Georgia,Crisp County
427,13,83,13083,Georgia,Dade County
428,13,85,13085,Georgia,Dawson County
429,13,87,13087,Georgia,Decatur County
430,13,89,13089,Georgia,Dekalb County
431,13,91,13091,Georgia,Dodge County
432,13,93,13093,Georgia,Dooly County
433,13,95,13095,Georgia,Dougherty County
434,13,97,13097,Georgia,Douglas County
435,13,99,13099,Georgia,Early County
436,13,101,13101,Georgia,Echols County
437,13,103,13103,Georgia,Effingham County
438,13,105,13105,Georgia,Elbert County
439,13,107,13107,Georgia,Emanuel County
440,13,109,13109,Georgia,Evans County
441,13,111,13111,Georgia,Fannin County
442,13,113,13113,Georgia,Fayette County
443,13,115,13115,Georgia,Floyd County
444,13,117,13117,Georgia,Forsyth County
445,13,119,13119,Georgia,Franklin County
446,13,121,13121,Georgia,Fulton County
447,13,123,13123,Georgia,Gilmer County
448,13,125,13125,Georgia,Glascock County
449,13,127,13127,Georgia,Glynn County
450,13,129,13129,Georgia,Gordon County
451,13,131,13131,Georgia,Grady County
452,13,133,13133,Georgia,Greene County
453,13,135,13135,Georgia,Gwinnett County
454,13,137,13137,Georgia,Habersham County
455,13,139,13139,Georgia,Hall County
456,13,141,13141,Georgia,Hancock County
457,13,143,13143,Georgia,Haralson County
458,13,145,13145,Georgia,Harris County
459,13,147,13147,Georgia,Hart County
460,13,149,13149,Georgia,Heard County
461,13,151,13151,Georgia,Henry County
462,13,153,13153,Georgia,Houston County
463,13,155,13155,Georgia,Irwin County
464,13,157,13157,Georgia,Jackson County
465,13,159,13159,Georgia,Jasper County
466,13,161,13161,Georgia,Jeff Davis County
467,13,163,13163,Georgia,Jefferson County
468,13,165,13165,Georgia,Jenkins County
469,13,167,13167,Georgia,Johnson County
470,13,169,13169,Georgia,Jones County
471,13,171,13171,Georgia,Lamar County
472,13,173,13173,Georgia,Lanier County
473,13,175,13175,Georgia,Laurens County
474,13,177,13177,Georgia,Lee County
475,13,179,13179,Georgia,Liberty County
476,13,181,13181,Georgia,Lincoln County
477,13,183,13183,Georgia,Long County
478,13,185,13185,Georgia,Lowndes County
479,13,187,13187,Georgia,Lumpkin County
480,13,189,13189,Georgia,Mcduffie County
481,13,191,13191,Georgia,Mcintosh County
482,13,193,13193,Georgia,Macon County
483,13,195,13195,Georgia,Madison County
484,13,197,13197,Georgia,Marion County
485,13,199,13199,Georgia,Meriwether County
486,13,201,13201,Georgia,Miller County
487,13,205,13205,Georgia,Mitchell County
488,13,207,13207,Georgia,Monroe County
489,13,209,13209,Georgia,Montgomery County
490,13,211,13211,Georgia,Morgan County
491,13,213,13213,Georgia,Murray County
492,13,215,13215,Georgia,Muscogee County
493,13,217,13217,Georgia,Newton County
494,13,219,13219,Georgia,Oconee County
495,13,221,13221,Georgia,Oglethorpe County
496,13,223,13223,Georgia,Paulding County
497,13,225,13225,Georgia,Peach County
498,13,227,13227,Georgia,Pickens County
499,13,229,13229,Georgia,Pierce County
500,13,231,13231,Georgia,Pike County
501,13,233,13233,Georgia,Polk County
502,13,235,13235,Georgia,Pulaski County
503,13,237,13237,Georgia,Putnam County
504,13,239,13239,Georgia,Quitman County
505,13,241,13241,Georgia,Rabun County
506,13,243,13243,Georgia,Randolph County
507,13,245,13245,Georgia,Richmond County
508,13,247,13247,Georgia,Rockdale County
509,13,249,13249,Georgia,Schley County
510,13,251,13251,Georgia,Screven County
511,13,253,13253,Georgia,Seminole County
512,13,255,13255,Georgia,Spalding County
513,13,257,13257,Georgia,Stephens County
514,13,259,13259,Georgia,Stewart County
515,13,261,13261,Georgia,Sumter County
516,13,263,13263,Georgia,Talbot County
517,13,265,13265,Georgia,Taliaferro County
518,13,267,13267,Georgia,Tattnall County
519,13,269,13269,Georgia,Taylor County
520,13,271,13271,Georgia,Telfair County
521,13,273,13273,Georgia,Terrell County
522,13,275,13275,Georgia,Thomas County
523,13,277,13277,Georgia,Tift County
524,13,279,13279,Georgia,Toombs County
525,13,281,13281,Georgia,Towns County
526,13,283,13283,Georgia,Treutlen County
527,13,285,13285,Georgia,Troup County
528,13,287,13287,Georgia,Turner County
529,13,289,13289,Georgia,Twiggs County
530,13,291,13291,Georgia,Union County
531,13,293,13293,Georgia,Upson County
532,13,295,13295,Georgia,Walker County
533,13,297,13297,Georgia,Walton County
534,13,299,13299,Georgia,Ware County
535,13,301,13301,Georgia,Warren County
536,13,303,13303,Georgia,Washington County
537,13,305,13305,Georgia,Wayne County
538,13,307,13307,Georgia,Webster County
539,13,309,13309,Georgia,Wheeler County
540,13,311,13311,Georgia,White County
541,13,313,13313,Georgia,Whitfield County
542,13,315,13315,Georgia,Wilcox County
543,13,317,13317,Georgia,Wilkes County
544,13,319,13319,Georgia,Wilkinson County
545,13,321,13321,Georgia,Worth County
546,15,1,15001,Hawaii,Hawaii County
547,15,3,15003,Hawaii,Honolulu County
548,15,5,15005,Hawaii,Kalawao County
549,15,7,15007,Hawaii,Kauai County
550,15,9,15009,Hawaii,Maui County
551,16,1,16001,Idaho,Ada County
552,16,3,16003,Idaho,Adams County
553,16,5,16005,Idaho,Bannock County
554,16,7,16007,Idaho,Bear Lake County
555,16,9,16009,Idaho,Benewah County
556,16,11,16011,Idaho,Bingham County
557,16,13,16013,Idaho,Blaine County
558,16,15,16015,Idaho,Boise County
559,16,17,16017,Idaho,Bonner County
560,16,19,16019,Idaho,Bonneville County
561,16,21,16021,Idaho,Boundary County
562,16,23,16023,Idaho,Butte County
563,16,25,16025,Idaho,Camas County
564,16,27,16027,Idaho,Canyon County
565,16,29,16029,Idaho,Caribou County
566,16,31,16031,Idaho,Cassia County
567,16,33,16033,Idaho,Clark County
568,16,35,16035,Idaho,Clearwater County
569,16,37,16037,Idaho,Custer County
570,16,39,16039,Idaho,Elmore County
571,16,41,16041,Idaho,Franklin County
572,16,43,16043,Idaho,Fremont County
573,16,45,16045,Idaho,Gem County
574,16,47,16047,Idaho,Gooding County
575,16,49,16049,Idaho,Idaho County
576,16,51,16051,Idaho,Jefferson County
577,16,53,16053,Idaho,Jerome County
578,16,55,16055,Idaho,Kootenai County
579,16,57,16057,Idaho,Latah County
580,16,59,16059,Idaho,Lemhi County
581,16,61,16061,Idaho,Lewis County
582,16,63,16063,Idaho,Lincoln County
583,16,65,16065,Idaho,Madison County
584,16,67,16067,Idaho,Minidoka County
585,16,69,16069,Idaho,Nez Perce County
586,16,71,16071,Idaho,Oneida County
587,16,73,16073,Idaho,Owyhee County
588,16,75,16075,Idaho,Payette County
589,16,77,16077,Idaho,Power County
590,16,79,16079,Idaho,Shoshone County
591,16,81,16081,Idaho,Teton County
592,16,83,16083,Idaho,Twin Falls County
593,16,85,16085,Idaho,Valley County
594,16,87,16087,Idaho,Washington County
595,17,1,17001,Illinois,Adams County
596,17,3,17003,Illinois,Alexander County
597,17,5,17005,Illinois,Bond County
598,17,7,17007,Illinois,Boone County
599,17,9,17009,Illinois,Brown County
600,17,11,17011,Illinois,Bureau County
601,17,13,17013,Illinois,Calhoun County
602,17,15,17015,Illinois,Carroll County
603,17,17,17017,Illinois,Cass County
604,17,19,17019,Illinois,Champaign County
605,17,21,17021,Illinois,Christian County
606,17,23,17023,Illinois,Clark County
607,17,25,17025,Illinois,Clay County
608,17,27,17027,Illinois,Clinton County
609,17,29,17029,Illinois,Coles County
610,17,31,17031,Illinois,Cook County
611,17,33,17033,Illinois,Crawford County
612,17,35,17035,Illinois,Cumberland County
613,17,37,17037,Illinois,Dekalb County
614,17,39,17039,Illinois,De Witt County
615,17,41,17041,Illinois,Douglas County
616,17,43,17043,Illinois,Dupage County
617,17,45,17045,Illinois,Edgar County
618,17,47,17047,Illinois,Edwards County
619,17,49,17049,Illinois,Effingham County
620,17,51,17051,Illinois,Fayette County
621,17,53,17053,Illinois,Ford County
622,17,55,17055,Illinois,Franklin County
623,17,57,17057,Illinois,Fulton County
624,17,59,17059,Illinois,Gallatin County
625,17,61,17061,Illinois,Greene County
626,17,63,17063,Illinois,Grundy County
627,17,65,17065,Illinois,Hamilton County
628,17,67,17067,Illinois,Hancock County
629,17,69,17069,Illinois,Hardin County
630,17,71,17071,Illinois,Henderson County
631,17,73,17073,Illinois,Henry County
632,17,75,17075,Illinois,Iroquois County
633,17,77,17077,Illinois,Jackson County
634,17,79,17079,Illinois,Jasper County
635,17,81,17081,Illinois,Jefferson County
636,17,83,17083,Illinois,Jersey County
637,17,85,17085,Illinois,Jo Daviess County
638,17,87,17087,Illinois,Johnson County
639,17,89,17089,Illinois,Kane County
640,17,91,17091,Illinois,Kankakee County
641,17,93,17093,Illinois,Kendall County
642,17,95,17095,Illinois,Knox County
643,17,97,17097,Illinois,Lake County
644,17,99,17099,Illinois,Lasalle County
645,17,101,17101,Illinois,Lawrence County
646,17,103,17103,Illinois,Lee County
647,17,105,17105,Illinois,Livingston County
648,17,107,17107,Illinois,Logan County
649,17,109,17109,Illinois,Mcdonough County
650,17,111,17111,Illinois,Mchenry County
651,17,113,17113,Illinois,Mclean County
652,17,115,17115,Illinois,Macon County
653,17,117,17117,Illinois,Macoupin County
654,17,119,17119,Illinois,Madison County
655,17,121,17121,Illinois,Marion County
656,17,123,17123,Illinois,Marshall County
657,17,125,17125,Illinois,Mason County
658,17,127,17127,Illinois,Massac County
659,17,129,17129,Illinois,Menard County
660,17,131,17131,Illinois,Mercer County
661,17,133,17133,Illinois,Monroe County
662,17,135,17135,Illinois,Montgomery County
663,17,137,17137,Illinois,Morgan County
664,17,139,17139,Illinois,Moultrie County
665,17,141,17141,Illinois,Ogle County
666,17,143,17143,Illinois,Peoria County
667,17,145,17145,Illinois,Perry County
668,17,147,17147,Illinois,Piatt County
669,17,149,17149,Illinois,Pike County
670,17,151,17151,Illinois,Pope County
671,17,153,17153,Illinois,Pulaski County
672,17,155,17155,Illinois,Putnam County
673,17,157,17157,Illinois,Randolph County
674,17,159,17159,Illinois,Richland County
675,17,161,17161,Illinois,Rock Island County
676,17,163,17163,Illinois,St. Clair County
677,17,165,17165,Illinois,Saline County
678,17,167,17167,Illinois,Sangamon County
679,17,169,17169,Illinois,Schuyler County
680,17,171,17171,Illinois,Scott County
681,17,173,17173,Illinois,Shelby County
682,17,175,17175,Illinois,Stark County
683,17,177,17177,Illinois,Stephenson County
684,17,179,17179,Illinois,Tazewell County
685,17,181,17181,Illinois,Union County
686,17,183,17183,Illinois,Vermilion County
687,17,185,17185,Illinois,Wabash County
688,17,187,17187,Illinois,Warren County
689,17,189,17189,Illinois,Washington County
690,17,191,17191,Illinois,Wayne County
691,17,193,17193,Illinois,White County
692,17,195,17195,Illinois,Whiteside County
693,17,197,17197,Illinois,Will County
694,17,199,17199,Illinois,Williamson County
695,17,201,17201,Illinois,Winnebago County
696,17,203,17203,Illinois,Woodford County
697,18,1,18001,Indiana,Adams County
698,18,3,18003,Indiana,Allen County
699,18,5,18005,Indiana,Bartholomew County
700,18,7,18007,Indiana,Benton County
701,18,9,18009,Indiana,Blackford County
702,18,11,18011,Indiana,Boone County
703,18,13,18013,Indiana,Brown County
704,18,15,18015,Indiana,Carroll County
705,18,17,18017,Indiana,Cass County
706,18,19,18019,Indiana,Clark County
707,18,21,18021,Indiana,Clay County
708,18,23,18023,Indiana,Clinton County
709,18,25,18025,Indiana,Crawford County
710,18,27,18027,Indiana,Daviess County
711,18,29,18029,Indiana,Dearborn County
712,18,31,18031,Indiana,Decatur County
713,18,33,18033,Indiana,Dekalb County
714,18,35,18035,Indiana,Delaware County
715,18,37,18037,Indiana,Dubois County
716,18,39,18039,Indiana,Elkhart County
717,18,41,18041,Indiana,Fayette County
718,18,43,18043,Indiana,Floyd County
719,18,45,18045,Indiana,Fountain County
720,18,47,18047,Indiana,Franklin County
721,18,49,18049,Indiana,Fulton County
722,18,51,18051,Indiana,Gibson County
723,18,53,18053,Indiana,Grant County
724,18,55,18055,Indiana,Greene County
725,18,57,18057,Indiana,Hamilton County
726,18,59,18059,Indiana,Hancock County
727,18,61,18061,Indiana,Harrison County
728,18,63,18063,Indiana,Hendricks County
729,18,65,18065,Indiana,Henry County
730,18,67,18067,Indiana,Howard County
731,18,69,18069,Indiana,Huntington County
732,18,71,18071,Indiana,Jackson County
733,18,73,18073,Indiana,Jasper County
734,18,75,18075,Indiana,Jay County
735,18,77,18077,Indiana,Jefferson County
736,18,79,18079,Indiana,Jennings County
737,18,81,18081,Indiana,Johnson County
738,18,83,18083,Indiana,Knox County
739,18,85,18085,Indiana,Kosciusko County
740,18,87,18087,Indiana,Lagrange County
741,18,89,18089,Indiana,Lake County
742,18,91,18091,Indiana,Laporte County
743,18,93,18093,Indiana,Lawrence County
744,18,95,18095,Indiana,Madison County
745,18,97,18097,Indiana,Marion County
746,18,99,18099,Indiana,Marshall County
747,18,101,18101,Indiana,Martin County
748,18,103,18103,Indiana,Miami County
749,18,105,18105,Indiana,Monroe County
750,18,107,18107,Indiana,Montgomery County
751,18,109,18109,Indiana,Morgan County
752,18,111,18111,Indiana,Newton County
753,18,113,18113,Indiana,Noble County
754,18,115,18115,Indiana,Ohio County
755,18,117,18117,Indiana,Orange County
756,18,119,18119,Indiana,Owen County
757,18,121,18121,Indiana,Parke County
758,18,123,18123,Indiana,Perry County
759,18,125,18125,Indiana,Pike County
760,18,127,18127,Indiana,Porter County
761,18,129,18129,Indiana,Posey County
762,18,131,18131,Indiana,Pulaski County
763,18,133,18133,Indiana,Putnam County
764,18,135,18135,Indiana,Randolph County
765,18,137,18137,Indiana,Ripley County
766,18,139,18139,Indiana,Rush County
767,18,141,18141,Indiana,St. Joseph County
768,18,143,18143,Indiana,Scott County
769,18,145,18145,Indiana,Shelby County
770,18,147,18147,Indiana,Spencer County
771,18,149,18149,Indiana,Starke County
772,18,151,18151,Indiana,Steuben County
773,18,153,18153,Indiana,Sullivan County
774,18,155,18155,Indiana,Switzerland County
775,18,157,18157,Indiana,Tippecanoe County
776,18,159,18159,Indiana,Tipton County
777,18,161,18161,Indiana,Union County
778,18,163,18163,Indiana,Vanderburgh County
779,18,165,18165,Indiana,Vermillion County
780,18,167,18167,Indiana,Vigo County
781,18,169,18169,Indiana,Wabash County
782,18,171,18171,Indiana,Warren County
783,18,173,18173,Indiana,Warrick County
784,18,175,18175,Indiana,Washington County
785,18,177,18177,Indiana,Wayne County
786,18,179,18179,Indiana,Wells County
787,18,181,18181,Indiana,White County
788,18,183,18183,Indiana,Whitley County
789,19,1,19001,Iowa,Adair County
790,19,3,19003,Iowa,Adams County
791,19,5,19005,Iowa,Allamakee County
792,19,7,19007,Iowa,Appanoose County
793,19,9,19009,Iowa,Audubon County
794,19,11,19011,Iowa,Benton County
795,19,13,19013,Iowa,Black Hawk County
796,19,15,19015,Iowa,Boone County
797,19,17,19017,Iowa,Bremer County
798,19,19,19019,Iowa,Buchanan County
799,19,21,19021,Iowa,Buena Vista County
800,19,23,19023,Iowa,Butler County
801,19,25,19025,Iowa,Calhoun County
802,19,27,19027,Iowa,Carroll County
803,19,29,19029,Iowa,Cass County
804,19,31,19031,Iowa,Cedar County
805,19,33,19033,Iowa,Cerro Gordo County
806,19,35,19035,Iowa,Cherokee County
807,19,37,19037,Iowa,Chickasaw County
808,19,39,19039,Iowa,Clarke County
809,19,41,19041,Iowa,Clay County
810,19,43,19043,Iowa,Clayton County
811,19,45,19045,Iowa,Clinton County
812,19,47,19047,Iowa,Crawford County
813,19,49,19049,Iowa,Dallas County
814,19,51,19051,Iowa,Davis County
815,19,53,19053,Iowa,Decatur County
816,19,55,19055,Iowa,Delaware County
817,19,57,19057,Iowa,Des Moines County
818,19,59,19059,Iowa,Dickinson County
819,19,61,19061,Iowa,Dubuque County
820,19,63,19063,Iowa,Emmet County
821,19,65,19065,Iowa,Fayette County
822,19,67,19067,Iowa,Floyd County
823,19,69,19069,Iowa,Franklin County
824,19,71,19071,Iowa,Fremont County
825,19,73,19073,Iowa,Greene County
826,19,75,19075,Iowa,Grundy County
827,19,77,19077,Iowa,Guthrie County
828,19,79,19079,Iowa,Hamilton County
829,19,81,19081,Iowa,Hancock County
830,19,83,19083,Iowa,Hardin County
831,19,85,19085,Iowa,Harrison County
832,19,87,19087,Iowa,Henry County
833,19,89,19089,Iowa,Howard County
834,19,91,19091,Iowa,Humboldt County
835,19,93,19093,Iowa,Ida County
836,19,95,19095,Iowa,Iowa County
837,19,97,19097,Iowa,Jackson County
838,19,99,19099,Iowa,Jasper County
839,19,101,19101,Iowa,Jefferson County
840,19,103,19103,Iowa,Johnson County
841,19,105,19105,Iowa,Jones County
842,19,107,19107,Iowa,Keokuk County
843,19,109,19109,Iowa,Kossuth County
844,19,111,19111,Iowa,Lee County
845,19,113,19113,Iowa,Linn County
846,19,115,19115,Iowa,Louisa County
847,19,117,19117,Iowa,Lucas County
848,19,119,19119,Iowa,Lyon County
849,19,121,19121,Iowa,Madison County
850,19,123,19123,Iowa,Mahaska County
851,19,125,19125,Iowa,Marion County
852,19,127,19127,Iowa,Marshall County
853,19,129,19129,Iowa,Mills County
854,19,131,19131,Iowa,Mitchell County
855,19,133,19133,Iowa,Monona County
856,19,135,19135,Iowa,Monroe County
857,19,137,19137,Iowa,Montgomery County
858,19,139,19139,Iowa,Muscatine County
859,19,141,19141,Iowa,O'Brien County
860,19,143,19143,Iowa,Osceola County
861,19,145,19145,Iowa,Page County
862,19,147,19147,Iowa,Palo Alto County
863,19,149,19149,Iowa,Plymouth County
864,19,151,19151,Iowa,Pocahontas County
865,19,153,19153,Iowa,Polk County
866,19,155,19155,Iowa,Pottawattamie County
867,19,157,19157,Iowa,Poweshiek County
868,19,159,19159,Iowa,Ringgold County
869,19,161,19161,Iowa,Sac County
870,19,163,19163,Iowa,Scott County
871,19,165,19165,Iowa,Shelby County
872,19,167,19167,Iowa,Sioux County
873,19,169,19169,Iowa,Story County
874,19,171,19171,Iowa,Tama County
875,19,173,19173,Iowa,Taylor County
876,19,175,19175,Iowa,Union County
877,19,177,19177,Iowa,Van Buren County
878,19,179,19179,Iowa,Wapello County
879,19,181,19181,Iowa,Warren County
880,19,183,19183,Iowa,Washington County
881,19,185,19185,Iowa,Wayne County
882,19,187,19187,Iowa,Webster County
883,19,189,19189,Iowa,Winnebago County
884,19,191,19191,Iowa,Winneshiek County
885,19,193,19193,Iowa,Woodbury County
886,19,195,19195,Iowa,Worth County
887,19,197,19197,Iowa,Wright County
888,20,1,20001,Kansas,Allen County
889,20,3,20003,Kansas,Anderson County
890,20,5,20005,Kansas,Atchison County
891,20,7,20007,Kansas,Barber County
892,20,9,20009,Kansas,Barton County
893,20,11,20011,Kansas,Bourbon County
894,20,13,20013,Kansas,Brown County
895,20,15,20015,Kansas,Butler County
896,20,17,20017,Kansas,Chase County
897,20,19,20019,Kansas,Chautauqua County
898,20,21,20021,Kansas,Cherokee County
899,20,23,20023,Kansas,Cheyenne County
900,20,25,20025,Kansas,Clark County
901,20,27,20027,Kansas,Clay County
902,20,29,20029,Kansas,Cloud County
903,20,31,20031,Kansas,Coffey County
904,20,33,20033,Kansas,Comanche County
905,20,35,20035,Kansas,Cowley County
906,20,37,20037,Kansas,Crawford County
907,20,39,20039,Kansas,Decatur County
908,20,41,20041,Kansas,Dickinson County
909,20,43,20043,Kansas,Doniphan County
910,20,45,20045,Kansas,Douglas County
911,20,47,20047,Kansas,Edwards County
912,20,49,20049,Kansas,Elk County
913,20,51,20051,Kansas,Ellis County
914,20,53,20053,Kansas,Ellsworth County
915,20,55,20055,Kansas,Finney County
916,20,57,20057,Kansas,Ford County
917,20,59,20059,Kansas,Franklin County
918,20,61,20061,Kansas,Geary County
919,20,63,20063,Kansas,Gove County
920,20,65,20065,Kansas,Graham County
921,20,67,20067,Kansas,Grant County
922,20,69,20069,Kansas,Gray County
923,20,71,20071,Kansas,Greeley County
924,20,73,20073,Kansas,Greenwood County
925,20,75,20075,Kansas,Hamilton County
926,20,77,20077,Kansas,Harper County
927,20,79,20079,Kansas,Harvey County
928,20,81,20081,Kansas,Haskell County
929,20,83,20083,Kansas,Hodgeman County
930,20,85,20085,Kansas,Jackson County
931,20,87,20087,Kansas,Jefferson County
932,20,89,20089,Kansas,Jewell County
933,20,91,20091,Kansas,Johnson County
934,20,93,20093,Kansas,Kearny County
935,20,95,20095,Kansas,Kingman County
936,20,97,20097,Kansas,Kiowa County
937,20,99,20099,Kansas,Labette County
938,20,101,20101,Kansas,Lane County
939,20,103,20103,Kansas,Leavenworth County
940,20,105,20105,Kansas,Lincoln County
941,20,107,20107,Kansas,Linn County
942,20,109,20109,Kansas,Logan County
943,20,111,20111,Kansas,Lyon County
944,20,113,20113,Kansas,Mcpherson County
945,20,115,20115,Kansas,Marion County
946,20,117,20117,Kansas,Marshall County
947,20,119,20119,Kansas,Meade County
948,20,121,20121,Kansas,Miami County
949,20,123,20123,Kansas,Mitchell County
950,20,125,20125,Kansas,Montgomery County
951,20,127,20127,Kansas,Morris County
952,20,129,20129,Kansas,Morton County
953,20,131,20131,Kansas,Nemaha County
954,20,133,20133,Kansas,Neosho County
955,20,135,20135,Kansas,Ness County
956,20,137,20137,Kansas,Norton County
957,20,139,20139,Kansas,Osage County
958,20,141,20141,Kansas,Osborne County
959,20,143,20143,Kansas,Ottawa County
960,20,145,20145,Kansas,Pawnee County
961,20,147,20147,Kansas,Phillips County
962,20,149,20149,Kansas,Pottawatomie County
963,20,151,20151,Kansas,Pratt County
964,20,153,20153,Kansas,Rawlins County
965,20,155,20155,Kansas,Reno County
966,20,157,20157,Kansas,Republic County
967,20,159,20159,Kansas,Rice County
968,20,161,20161,Kansas,Riley County
969,20,163,20163,Kansas,Rooks County
970,20,165,20165,Kansas,Rush County
971,20,167,20167,Kansas,Russell County
972,20,169,20169,Kansas,Saline County
973,20,171,20171,Kansas,Scott County
974,20,173,20173,Kansas,Sedgwick County
975,20,175,20175,Kansas,Seward County
976,20,177,20177,Kansas,Shawnee County
977,20,179,20179,Kansas,Sheridan County
978,20,181,20181,Kansas,Sherman County
979,20,183,20183,Kansas,Smith County
980,20,185,20185,Kansas,Stafford County
981,20,187,20187,Kansas,Stanton County
982,20,189,20189,Kansas,Stevens County
983,20,191,20191,Kansas,Sumner County
984,20,193,20193,Kansas,Thomas County
985,20,195,20195,Kansas,Trego County
986,20,197,20197,Kansas,Wabaunsee County
987,20,199,20199,Kansas,Wallace County
988,20,201,20201,Kansas,Washington County
989,20,203,20203,Kansas,Wichita County
990,20,205,20205,Kansas,Wilson County
991,20,207,20207,Kansas,Woodson County
992,20,209,20209,Kansas,Wyandotte County
993,21,1,21001,Kentucky,Adair County
994,21,3,21003,Kentucky,Allen County
995,21,5,21005,Kentucky,Anderson County
996,21,7,21007,Kentucky,Ballard County
997,21,9,21009,Kentucky,Barren County
998,21,11,21011,Kentucky,Bath County
999,21,13,21013,Kentucky,Bell County
1000,21,15,21015,Kentucky,Boone County
1001,21,17,21017,Kentucky,Bourbon County
1002,21,19,21019,Kentucky,Boyd County
1003,21,21,21021,Kentucky,Boyle County
1004,21,23,21023,Kentucky,Bracken County
1005,21,25,21025,Kentucky,Breathitt County
1006,21,27,21027,Kentucky,Breckinridge County
1007,21,29,21029,Kentucky,Bullitt County
1008,21,31,21031,Kentucky,Butler County
1009,21,33,21033,Kentucky,Caldwell County
1010,21,35,21035,Kentucky,Calloway County
1011,21,37,21037,Kentucky,Campbell County
1012,21,39,21039,Kentucky,Carlisle County
1013,21,41,21041,Kentucky,Carroll County
1014,21,43,21043,Kentucky,Carter County
1015,21,45,21045,Kentucky,Casey County
1016,21,47,21047,Kentucky,Christian County
1017,21,49,21049,Kentucky,Clark County
1018,21,51,21051,Kentucky,Clay County
1019,21,53,21053,Kentucky,Clinton County
1020,21,55,21055,Kentucky,Crittenden County
1021,21,57,21057,Kentucky,Cumberland County
1022,21,59,21059,Kentucky,Daviess County
1023,21,61,21061,Kentucky,Edmonson County
1024,21,63,21063,Kentucky,Elliott County
1025,21,65,21065,Kentucky,Estill County
1026,21,67,21067,Kentucky,Fayette County
1027,21,69,21069,Kentucky,Fleming County
1028,21,71,21071,Kentucky,Floyd County
1029,21,73,21073,Kentucky,Franklin County
1030,21,75,21075,Kentucky,Fulton County
1031,21,77,21077,Kentucky,Gallatin County
1032,21,79,21079,Kentucky,Garrard County
1033,21,81,21081,Kentucky,Grant County
1034,21,83,21083,Kentucky,Graves County
1035,21,85,21085,Kentucky,Grayson County
1036,21,87,21087,Kentucky,Green County
1037,21,89,21089,Kentucky,Greenup County
1038,21,91,21091,Kentucky,Hancock County
1039,21,93,21093,Kentucky,Hardin County
1040,21,95,21095,Kentucky,Harlan County
1041,21,97,21097,Kentucky,Harrison County
1042,21,99,21099,Kentucky,Hart County
1043,21,101,21101,Kentucky,Henderson County
1044,21,103,21103,Kentucky,Henry County
1045,21,105,21105,Kentucky,Hickman County
1046,21,107,21107,Kentucky,Hopkins County
1047,21,109,21109,Kentucky,Jackson County
1048,21,111,21111,Kentucky,Jefferson County
1049,21,113,21113,Kentucky,Jessamine County
1050,21,115,21115,Kentucky,Johnson County
1051,21,117,21117,Kentucky,Kenton County
1052,21,119,21119,Kentucky,Knott County
1053,21,121,21121,Kentucky,Knox County
1054,21,123,21123,Kentucky,Larue County
1055,21,125,21125,Kentucky,Laurel County
1056,21,127,21127,Kentucky,Lawrence County
1057,21,129,21129,Kentucky,Lee County
1058,21,131,21131,Kentucky,Leslie County
1059,21,133,21133,Kentucky,Letcher County
1060,21,135,21135,Kentucky,Lewis County
1061,21,137,21137,Kentucky,Lincoln County
1062,21,139,21139,Kentucky,Livingston County
1063,21,141,21141,Kentucky,Logan County
1064,21,143,21143,Kentucky,Lyon County
1065,21,145,21145,Kentucky,Mccracken County
1066,21,147,21147,Kentucky,Mccreary County
1067,21,149,21149,Kentucky,Mclean County
1068,21,151,21151,Kentucky,Madison County
1069,21,153,21153,Kentucky,Magoffin County
1070,21,155,21155,Kentucky,Marion County
1071,21,157,21157,Kentucky,Marshall County
1072,21,159,21159,Kentucky,Martin County
1073,21,161,21161,Kentucky,Mason County
1074,21,163,21163,Kentucky,Meade County
1075,21,165,21165,Kentucky,Menifee County
1076,21,167,21167,Kentucky,Mercer County
1077,21,169,21169,Kentucky,Metcalfe County
1078,21,171,21171,Kentucky,Monroe County
1079,21,173,21173,Kentucky,Montgomery County
1080,21,175,21175,Kentucky,Morgan County
1081,21,177,21177,Kentucky,Muhlenberg County
1082,21,179,21179,Kentucky,Nelson County
1083,21,181,21181,Kentucky,Nicholas County
1084,21,183,21183,Kentucky,Ohio County
1085,21,185,21185,Kentucky,Oldham County
1086,21,187,21187,Kentucky,Owen County
1087,21,189,21189,Kentucky,Owsley County
1088,21,191,21191,Kentucky,Pendleton County
1089,21,193,21193,Kentucky,Perry County
1090,21,195,21195,Kentucky,Pike County
1091,21,197,21197,Kentucky,Powell County
1092,21,199,21199,Kentucky,Pulaski County
1093,21,201,21201,Kentucky,Robertson County
1094,21,203,21203,Kentucky,Rockcastle County
1095,21,205,21205,Kentucky,Rowan County
1096,21,207,21207,Kentucky,Russell County
1097,21,209,21209,Kentucky,Scott County
1098,21,211,21211,Kentucky,Shelby County
1099,21,213,21213,Kentucky,Simpson County
1100,21,215,21215,Kentucky,Spencer County
1101,21,217,21217,Kentucky,Taylor County
1102,21,219,21219,Kentucky,Todd County
1103,21,221,21221,Kentucky,Trigg County
1104,21,223,21223,Kentucky,Trimble County
1105,21,225,21225,Kentucky,Union County
1106,21,227,21227,Kentucky,Warren County
1107,21,229,21229,Kentucky,Washington County
1108,21,231,21231,Kentucky,Wayne County
1109,21,233,21233,Kentucky,Webster County
1110,21,235,21235,Kentucky,Whitley County
1111,21,237,21237,Kentucky,Wolfe County
1112,21,239,21239,Kentucky,Woodford County
1113,22,1,22001,Louisiana,Acadia Parish
1114,22,3,22003,Louisiana,Allen Parish
1115,22,5,22005,Louisiana,Ascension Parish
1116,22,7,22007,Louisiana,Assumption Parish
1117,22,9,22009,Louisiana,Avoyelles Parish
1118,22,11,22011,Louisiana,Beauregard Parish
1119,22,13,22013,Louisiana,Bienville Parish
1120,22,15,22015,Louisiana,Bossier Parish
1121,22,17,22017,Louisiana,Caddo Parish
1122,22,19,22019,Louisiana,Calcasieu Parish
1123,22,21,22021,Louisiana,Caldwell Parish
1124,22,23,22023,Louisiana,Cameron Parish
1125,22,25,22025,Louisiana,Catahoula Parish
1126,22,27,22027,Louisiana,Claiborne Parish
1127,22,29,22029,Louisiana,Concordia Parish
1128,22,31,22031,Louisiana,De Soto Parish
1129,22,33,22033,Louisiana,East Baton Rouge Parish
1130,22,35,22035,Louisiana,East Carroll Parish
1131,22,37,22037,Louisiana,East Feliciana Parish
1132,22,39,22039,Louisiana,Evangeline Parish
1133,22,41,22041,Louisiana,Franklin Parish
1134,22,43,22043,Louisiana,Grant Parish
1135,22,45,22045,Louisiana,Iberia Parish
1136,22,47,22047,Louisiana,Iberville Parish
1137,22,49,22049,Louisiana,Jackson Parish
1138,22,51,22051,Louisiana,Jefferson Parish
1139,22,53,22053,Louisiana,Jefferson Davis Parish
1140,22,55,22055,Louisiana,Lafayette Parish
1141,22,57,22057,Louisiana,Lafourche Parish
1142,22,59,22059,Louisiana,Lasalle Parish
1143,22,61,22061,Louisiana,Lincoln Parish
1144,22,63,22063,Louisiana,Livingston Parish
1145,22,65,22065,Louisiana,Madison Parish
1146,22,67,22067,Louisiana,Morehouse Parish
1147,22,69,22069,Louisiana,Natchitoches Parish
1148,22,71,22071,Louisiana,Orleans Parish
1149,22,73,22073,Louisiana,Ouachita Parish
1150,22,75,22075,Louisiana,Plaquemines Parish
1151,22,77,22077,Louisiana,Pointe Coupee Parish
1152,22,79,22079,Louisiana,Rapides Parish
1153,22,81,22081,Louisiana,Red River Parish
1154,22,83,22083,Louisiana,Richland Parish
1155,22,85,22085,Louisiana,Sabine Parish
1156,22,87,22087,Louisiana,St. Bernard Parish
1157,22,89,22089,Louisiana,St. Charles Parish
1158,22,91,22091,Louisiana,St. Helena Parish
1159,22,93,22093,Louisiana,St. James Parish
1160,22,95,22095,Louisiana,St. John The Baptist Parish
1161,22,97,22097,Louisiana,St. Landry Parish
1162,22,99,22099,Louisiana,St. Martin Parish
1163,22,101,22101,Louisiana,St. Mary Parish
1164,22,103,22103,Louisiana,St. Tammany Parish
1165,22,105,22105,Louisiana,Tangipahoa Parish
1166,22,107,22107,Louisiana,Tensas Parish
1167,22,109,22109,Louisiana,Terrebonne Parish
1168,22,111,22111,Louisiana,Union Parish
1169,22,113,22113,Louisiana,Vermilion Parish
1170,22,115,22115,Louisiana,Vernon Parish
1171,22,117,22117,Louisiana,Washington Parish
1172,22,119,22119,Louisiana,Webster Parish
1173,22,121,22121,Louisiana,West Baton Rouge Parish
1174,22,123,22123,Louisiana,West Carroll Parish
1175,22,125,22125,Louisiana,West Feliciana Parish
1176,22,127,22127,Louisiana,Winn Parish
1177,23,1,23001,Maine,Androscoggin County
1178,23,3,23003,Maine,Aroostook County
1179,23,5,23005,Maine,Cumberland County
1180,23,7,23007,Maine,Franklin County
1181,23,9,23009,Maine,Hancock County
1182,23,11,23011,Maine,Kennebec County
1183,23,13,23013,Maine,Knox County
1184,23,15,23015,Maine,Lincoln County
1185,23,17,23017,Maine,Oxford County
1186,23,19,23019,Maine,Penobscot County
1187,23,21,23021,Maine,Piscataquis County
1188,23,23,23023,Maine,Sagadahoc County
1189,23,25,23025,Maine,Somerset County
1190,23,27,23027,Maine,Waldo County
1191,23,29,23029,Maine,Washington County
1192,23,31,23031,Maine,York County
1193,24,1,24001,Maryland,Allegany County
1194,24,3,24003,Maryland,Anne Arundel County
1195,24,5,24005,Maryland,Baltimore County
1196,24,9,24009,Maryland,Calvert County
1197,24,11,24011,Maryland,Caroline County
1198,24,13,24013,Maryland,Carroll County
1199,24,15,24015,Maryland,Cecil County
1200,24,17,24017,Maryland,Charles County
1201,24,19,24019,Maryland,Dorchester County
1202,24,21,24021,Maryland,Frederick County
1203,24,23,24023,Maryland,Garrett County
1204,24,25,24025,Maryland,Harford County
1205,24,27,24027,Maryland,Howard County
1206,24,29,24029,Maryland,Kent County
1207,24,31,24031,Maryland,Montgomery County
1208,24,33,24033,Maryland,Prince George'S County
1209,24,35,24035,Maryland,Queen Anne'S County
1210,24,37,24037,Maryland,St. Mary'S County
1211,24,39,24039,Maryland,Somerset County
1212,24,41,24041,Maryland,Talbot County
1213,24,43,24043,Maryland,Washington County
1214,24,45,24045,Maryland,Wicomico County
1215,24,47,24047,Maryland,Worcester County
1216,24,510,24510,Maryland,Baltimore City
1217,25,1,25001,Massachusetts,Barnstable County
1218,25,3,25003,Massachusetts,Berkshire County
1219,25,5,25005,Massachusetts,Bristol County
1220,25,7,25007,Massachusetts,Dukes County
1221,25,9,25009,Massachusetts,Essex County
1222,25,11,25011,Massachusetts,Franklin County
1223,25,13,25013,Massachusetts,Hampden County
1224,25,15,25015,Massachusetts,Hampshire County
1225,25,17,25017,Massachusetts,Middlesex County
1226,25,19,25019,Massachusetts,Nantucket County
1227,25,21,25021,Massachusetts,Norfolk County
1228,25,23,25023,Massachusetts,Plymouth County
1229,25,25,25025,Massachusetts,Suffolk County
1230,25,27,25027,Massachusetts,Worcester County
1231,26,1,26001,Michigan,Alcona County
1232,26,3,26003,Michigan,Alger County
1233,26,5,26005,Michigan,Allegan County
1234,26,7,26007,Michigan,Alpena County
1235,26,9,26009,Michigan,Antrim County
1236,26,11,26011,Michigan,Arenac County
1237,26,13,26013,Michigan,Baraga County
1238,26,15,26015,Michigan,Barry County
1239,26,17,26017,Michigan,Bay County
1240,26,19,26019,Michigan,Benzie County
1241,26,21,26021,Michigan,Berrien County
1242,26,23,26023,Michigan,Branch County
1243,26,25,26025,Michigan,Calhoun County
1244,26,27,26027,Michigan,Cass County
1245,26,29,26029,Michigan,Charlevoix County
1246,26,31,26031,Michigan,Cheboygan County
1247,26,33,26033,Michigan,Chippewa County
1248,26,35,26035,Michigan,Clare County
1249,26,37,26037,Michigan,Clinton County
1250,26,39,26039,Michigan,Crawford County
1251,26,41,26041,Michigan,Delta County
1252,26,43,26043,Michigan,Dickinson County
1253,26,45,26045,Michigan,Eaton County
1254,26,47,26047,Michigan,Emmet County
1255,26,49,26049,Michigan,Genesee County
1256,26,51,26051,Michigan,Gladwin County
1257,26,53,26053,Michigan,Gogebic County
1258,26,55,26055,Michigan,Grand Traverse County
1259,26,57,26057,Michigan,Gratiot County
1260,26,59,26059,Michigan,Hillsdale County
1261,26,61,26061,Michigan,Houghton County
1262,26,63,26063,Michigan,Huron County
1263,26,65,26065,Michigan,Ingham County
1264,26,67,26067,Michigan,Ionia County
1265,26,69,26069,Michigan,Iosco County
1266,26,71,26071,Michigan,Iron County
1267,26,73,26073,Michigan,Isabella County
1268,26,75,26075,Michigan,Jackson County
1269,26,77,26077,Michigan,Kalamazoo County
1270,26,79,26079,Michigan,Kalkaska County
1271,26,81,26081,Michigan,Kent County
1272,26,83,26083,Michigan,Keweenaw County
1273,26,85,26085,Michigan,Lake County
1274,26,87,26087,Michigan,Lapeer County
1275,26,89,26089,Michigan,Leelanau County
1276,26,91,26091,Michigan,Lenawee County
1277,26,93,26093,Michigan,Livingston County
1278,26,95,26095,Michigan,Luce County
1279,26,97,26097,Michigan,Mackinac County
1280,26,99,26099,Michigan,Macomb County
1281,26,101,26101,Michigan,Manistee County
1282,26,103,26103,Michigan,Marquette County
1283,26,105,26105,Michigan,Mason County
1284,26,107,26107,Michigan,Mecosta County
1285,26,109,26109,Michigan,Menominee County
1286,26,111,26111,Michigan,Midland County
1287,26,113,26113,Michigan,Missaukee County
1288,26,115,26115,Michigan,Monroe County
1289,26,117,26117,Michigan,Montcalm County
1290,26,119,26119,Michigan,Montmorency County
1291,26,121,26121,Michigan,Muskegon County
1292,26,123,26123,Michigan,Newaygo County
1293,26,125,26125,Michigan,Oakland County
1294,26,127,26127,Michigan,Oceana County
1295,26,129,26129,Michigan,Ogemaw County
1296,26,131,26131,Michigan,Ontonagon County
1297,26,133,26133,Michigan,Osceola County
1298,26,135,26135,Michigan,Oscoda County
1299,26,137,26137,Michigan,Otsego County
1300,26,139,26139,Michigan,Ottawa County
1301,26,141,26141,Michigan,Presque Isle County
1302,26,143,26143,Michigan,Roscommon County
1303,26,145,26145,Michigan,Saginaw County
1304,26,147,26147,Michigan,St. Clair County
1305,26,149,26149,Michigan,St. Joseph County
1306,26,151,26151,Michigan,Sanilac County
1307,26,153,26153,Michigan,Schoolcraft County
1308,26,155,26155,Michigan,Shiawassee County
1309,26,157,26157,Michigan,Tuscola County
1310,26,159,26159,Michigan,Van Buren County
1311,26,161,26161,Michigan,Washtenaw County
1312,26,163,26163,Michigan,Wayne County
1313,26,165,26165,Michigan,Wexford County
1314,27,1,27001,Minnesota,Aitkin County
1315,27,3,27003,Minnesota,Anoka County
1316,27,5,27005,Minnesota,Becker County
1317,27,7,27007,Minnesota,Beltrami County
1318,27,9,27009,Minnesota,Benton County
1319,27,11,27011,Minnesota,Big Stone County
1320,27,13,27013,Minnesota,Blue Earth County
1321,27,15,27015,Minnesota,Brown County
1322,27,17,27017,Minnesota,Carlton County
1323,27,19,27019,Minnesota,Carver County
1324,27,21,27021,Minnesota,Cass County
1325,27,23,27023,Minnesota,Chippewa County
1326,27,25,27025,Minnesota,Chisago County
1327,27,27,27027,Minnesota,Clay County
1328,27,29,27029,Minnesota,Clearwater County
1329,27,31,27031,Minnesota,Cook County
1330,27,33,27033,Minnesota,Cottonwood County
1331,27,35,27035,Minnesota,Crow Wing County
1332,27,37,27037,Minnesota,Dakota County
1333,27,39,27039,Minnesota,Dodge County
1334,27,41,27041,Minnesota,Douglas County
1335,27,43,27043,Minnesota,Faribault County
1336,27,45,27045,Minnesota,Fillmore County
1337,27,47,27047,Minnesota,Freeborn County
1338,27,49,27049,Minnesota,Goodhue County
1339,27,51,27051,Minnesota,Grant County
1340,27,53,27053,Minnesota,Hennepin County
1341,27,55,27055,Minnesota,Houston County
1342,27,57,27057,Minnesota,Hubbard County
1343,27,59,27059,Minnesota,Isanti County
1344,27,61,27061,Minnesota,Itasca County
1345,27,63,27063,Minnesota,Jackson County
1346,27,65,27065,Minnesota,Kanabec County
1347,27,67,27067,Minnesota,Kandiyohi County
1348,27,69,27069,Minnesota,Kittson County
1349,27,71,27071,Minnesota,Koochiching County
1350,27,73,27073,Minnesota,Lac Qui Parle County
1351,27,75,27075,Minnesota,Lake County
1352,27,77,27077,Minnesota,Lake Of The Woods County
1353,27,79,27079,Minnesota,Le Sueur County
1354,27,81,27081,Minnesota,Lincoln County
1355,27,83,27083,Minnesota,Lyon County
1356,27,85,27085,Minnesota,Mcleod County
1357,27,87,27087,Minnesota,Mahnomen County
1358,27,89,27089,Minnesota,Marshall County
1359,27,91,27091,Minnesota,Martin County
1360,27,93,27093,Minnesota,Meeker County
1361,27,95,27095,Minnesota,Mille Lacs County
1362,27,97,27097,Minnesota,Morrison County
1363,27,99,27099,Minnesota,Mower County
1364,27,101,27101,Minnesota,Murray County
1365,27,103,27103,Minnesota,Nicollet County
1366,27,105,27105,Minnesota,Nobles County
1367,27,107,27107,Minnesota,Norman County
1368,27,109,27109,Minnesota,Olmsted County
1369,27,111,27111,Minnesota,Otter Tail County
1370,27,113,27113,Minnesota,Pennington County
1371,27,115,27115,Minnesota,Pine County
1372,27,117,27117,Minnesota,Pipestone County
1373,27,119,27119,Minnesota,Polk County
1374,27,121,27121,Minnesota,Pope County
1375,27,123,27123,Minnesota,Ramsey County
1376,27,125,27125,Minnesota,Red Lake County
1377,27,127,27127,Minnesota,Redwood County
1378,27,129,27129,Minnesota,Renville County
1379,27,131,27131,Minnesota,Rice County
1380,27,133,27133,Minnesota,Rock County
1381,27,135,27135,Minnesota,Roseau County
1382,27,137,27137,Minnesota,St. Louis County
1383,27,139,27139,Minnesota,Scott County
1384,27,141,27141,Minnesota,Sherburne County
1385,27,143,27143,Minnesota,Sibley County
1386,27,145,27145,Minnesota,Stearns County
1387,27,147,27147,Minnesota,Steele County
1388,27,149,27149,Minnesota,Stevens County
1389,27,151,27151,Minnesota,Swift County
1390,27,153,27153,Minnesota,Todd County
1391,27,155,27155,Minnesota,Traverse County
1392,27,157,27157,Minnesota,Wabasha County
1393,27,159,27159,Minnesota,Wadena County
1394,27,161,27161,Minnesota,Waseca County
1395,27,163,27163,Minnesota,Washington County
1396,27,165,27165,Minnesota,Watonwan County
1397,27,167,27167,Minnesota,Wilkin County
1398,27,169,27169,Minnesota,Winona County
1399,27,171,27171,Minnesota,Wright County
1400,27,173,27173,Minnesota,Yellow Medicine County
1401,28,1,28001,Mississippi,Adams County
1402,28,3,28003,Mississippi,Alcorn County
1403,28,5,28005,Mississippi,Amite County
1404,28,7,28007,Mississippi,Attala County
1405,28,9,28009,Mississippi,Benton County
1406,28,11,28011,Mississippi,Bolivar County
1407,28,13,28013,Mississippi,Calhoun County
1408,28,15,28015,Mississippi,Carroll County
1409,28,17,28017,Mississippi,Chickasaw County
1410,28,19,28019,Mississippi,Choctaw County
1411,28,21,28021,Mississippi,Claiborne County
1412,28,23,28023,Mississippi,Clarke County
1413,28,25,28025,Mississippi,Clay County
1414,28,27,28027,Mississippi,Coahoma County
1415,28,29,28029,Mississippi,Copiah County
1416,28,31,28031,Mississippi,Covington County
1417,28,33,28033,Mississippi,Desoto County
1418,28,35,28035,Mississippi,Forrest County
1419,28,37,28037,Mississippi,Franklin County
1420,28,39,28039,Mississippi,George County
1421,28,41,28041,Mississippi,Greene County
1422,28,43,28043,Mississippi,Grenada County
1423,28,45,28045,Mississippi,Hancock County
1424,28,47,28047,Mississippi,Harrison County
1425,28,49,28049,Mississippi,Hinds County
1426,28,51,28051,Mississippi,Holmes County
1427,28,53,28053,Mississippi,Humphreys County
1428,28,55,28055,Mississippi,Issaquena County
1429,28,57,28057,Mississippi,Itawamba County
1430,28,59,28059,Mississippi,Jackson County
1431,28,61,28061,Mississippi,Jasper County
1432,28,63,28063,Mississippi,Jefferson County
1433,28,65,28065,Mississippi,Jefferson Davis County
1434,28,67,28067,Mississippi,Jones County
1435,28,69,28069,Mississippi,Kemper County
1436,28,71,28071,Mississippi,Lafayette County
1437,28,73,28073,Mississippi,Lamar County
1438,28,75,28075,Mississippi,Lauderdale County
1439,28,77,28077,Mississippi,Lawrence County
1440,28,79,28079,Mississippi,Leake County
1441,28,81,28081,Mississippi,Lee County
1442,28,83,28083,Mississippi,Leflore County
1443,28,85,28085,Mississippi,Lincoln County
1444,28,87,28087,Mississippi,Lowndes County
1445,28,89,28089,Mississippi,Madison County
1446,28,91,28091,Mississippi,Marion County
1447,28,93,28093,Mississippi,Marshall County
1448,28,95,28095,Mississippi,Monroe County
1449,28,97,28097,Mississippi,Montgomery County
1450,28,99,28099,Mississippi,Neshoba County
1451,28,101,28101,Mississippi,Newton County
1452,28,103,28103,Mississippi,Noxubee County
1453,28,105,28105,Mississippi,Oktibbeha County
1454,28,107,28107,Mississippi,Panola County
1455,28,109,28109,Mississippi,Pearl River County
1456,28,111,28111,Mississippi,Perry County
1457,28,113,28113,Mississippi,Pike County
1458,28,115,28115,Mississippi,Pontotoc County
1459,28,117,28117,Mississippi,Prentiss County
1460,28,119,28119,Mississippi,Quitman County
1461,28,121,28121,Mississippi,Rankin County
1462,28,123,28123,Mississippi,Scott County
1463,28,125,28125,Mississippi,Sharkey County
1464,28,127,28127,Mississippi,Simpson County
1465,28,129,28129,Mississippi,Smith County
1466,28,131,28131,Mississippi,Stone County
1467,28,133,28133,Mississippi,Sunflower County
1468,28,135,28135,Mississippi,Tallahatchie County
1469,28,137,28137,Mississippi,Tate County
1470,28,139,28139,Mississippi,Tippah County
1471,28,141,28141,Mississippi,Tishomingo County
1472,28,143,28143,Mississippi,Tunica County
1473,28,145,28145,Mississippi,Union County
1474,28,147,28147,Mississippi,Walthall County
1475,28,149,28149,Mississippi,Warren County
1476,28,151,28151,Mississippi,Washington County
1477,28,153,28153,Mississippi,Wayne County
1478,28,155,28155,Mississippi,Webster County
1479,28,157,28157,Mississippi,Wilkinson County
1480,28,159,28159,Mississippi,Winston County
1481,28,161,28161,Mississippi,Yalobusha County
1482,28,163,28163,Mississippi,Yazoo County
1483,29,1,29001,Missouri,Adair County
1484,29,3,29003,Missouri,Andrew County
1485,29,5,29005,Missouri,Atchison County
1486,29,7,29007,Missouri,Audrain County
1487,29,9,29009,Missouri,Barry County
1488,29,11,29011,Missouri,Barton County
1489,29,13,29013,Missouri,Bates County
1490,29,15,29015,Missouri,Benton County
1491,29,17,29017,Missouri,Bollinger County
1492,29,19,29019,Missouri,Boone County
1493,29,21,29021,Missouri,Buchanan County
1494,29,23,29023,Missouri,Butler County
1495,29,25,29025,Missouri,Caldwell County
1496,29,27,29027,Missouri,Callaway County
1497,29,29,29029,Missouri,Camden County
1498,29,31,29031,Missouri,Cape Girardeau County
1499,29,33,29033,Missouri,Carroll County
1500,29,35,29035,Missouri,Carter County
1501,29,37,29037,Missouri,Cass County
1502,29,39,29039,Missouri,Cedar County
1503,29,41,29041,Missouri,Chariton County
1504,29,43,29043,Missouri,Christian County
1505,29,45,29045,Missouri,Clark County
1506,29,47,29047,Missouri,Clay County
1507,29,49,29049,Missouri,Clinton County
1508,29,51,29051,Missouri,Cole County
1509,29,53,29053,Missouri,Cooper County
1510,29,55,29055,Missouri,Crawford County
1511,29,57,29057,Missouri,Dade County
1512,29,59,29059,Missouri,Dallas County
1513,29,61,29061,Missouri,Daviess County
1514,29,63,29063,Missouri,Dekalb County
1515,29,65,29065,Missouri,Dent County
1516,29,67,29067,Missouri,Douglas County
1517,29,69,29069,Missouri,Dunklin County
1518,29,71,29071,Missouri,Franklin County
1519,29,73,29073,Missouri,Gasconade County
1520,29,75,29075,Missouri,Gentry County
1521,29,77,29077,Missouri,Greene County
1522,29,79,29079,Missouri,Grundy County
1523,29,81,29081,Missouri,Harrison County
1524,29,83,29083,Missouri,Henry County
1525,29,85,29085,Missouri,Hickory County
1526,29,87,29087,Missouri,Holt County
1527,29,89,29089,Missouri,Howard County
1528,29,91,29091,Missouri,Howell County
1529,29,93,29093,Missouri,Iron County
1530,29,95,29095,Missouri,Jackson County
1531,29,97,29097,Missouri,Jasper County
1532,29,99,29099,Missouri,Jefferson County
1533,29,101,29101,Missouri,Johnson County
1534,29,103,29103,Missouri,Knox County
1535,29,105,29105,Missouri,Laclede County
1536,29,107,29107,Missouri,Lafayette County
1537,29,109,29109,Missouri,Lawrence County
1538,29,111,29111,Missouri,Lewis County
1539,29,113,29113,Missouri,Lincoln County
1540,29,115,29115,Missouri,Linn County
1541,29,117,29117,Missouri,Livingston County
1542,29,119,29119,Missouri,Mcdonald County
1543,29,121,29121,Missouri,Macon County
1544,29,123,29123,Missouri,Madison County
1545,29,125,29125,Missouri,Maries County
1546,29,127,29127,Missouri,Marion County
1547,29,129,29129,Missouri,Mercer County
1548,29,131,29131,Missouri,Miller County
1549,29,133,29133,Missouri,Mississippi County
1550,29,135,29135,Missouri,Moniteau County
1551,29,137,29137,Missouri,Monroe County
1552,29,139,29139,Missouri,Montgomery County
1553,29,141,29141,Missouri,Morgan County
1554,29,143,29143,Missouri,New Madrid County
1555,29,145,29145,Missouri,Newton County
1556,29,147,29147,Missouri,Nodaway County
1557,29,149,29149,Missouri,Oregon County
1558,29,151,29151,Missouri,Osage County
1559,29,153,29153,Missouri,Ozark County
1560,29,155,29155,Missouri,Pemiscot County
1561,29,157,29157,Missouri,Perry County
1562,29,159,29159,Missouri,Pettis County
1563,29,161,29161,Missouri,Phelps County
1564,29,163,29163,Missouri,Pike County
1565,29,165,29165,Missouri,Platte County
1566,29,167,29167,Missouri,Polk County
1567,29,169,29169,Missouri,Pulaski County
1568,29,171,29171,Missouri,Putnam County
1569,29,173,29173,Missouri,Ralls County
1570,29,175,29175,Missouri,Randolph County
1571,29,177,29177,Missouri,Ray County
1572,29,179,29179,Missouri,Reynolds County
1573,29,181,29181,Missouri,Ripley County
1574,29,183,29183,Missouri,St. Charles County
1575,29,185,29185,Missouri,St. Clair County
1576,29,186,29186,Missouri,Ste. Genevieve County
1577,29,187,29187,Missouri,St. Francois County
1578,29,189,29189,Missouri,St. Louis County
1579,29,195,29195,Missouri,Saline County
1580,29,197,29197,Missouri,Schuyler County
1581,29,199,29199,Missouri,Scotland County
1582,29,201,29201,Missouri,Scott County
1583,29,203,29203,Missouri,Shannon County
1584,29,205,29205,Missouri,Shelby County
1585,29,207,29207,Missouri,Stoddard County
1586,29,209,29209,Missouri,Stone County
1587,29,211,29211,Missouri,Sullivan County
1588,29,213,29213,Missouri,Taney County
1589,29,215,29215,Missouri,Texas County
1590,29,217,29217,Missouri,Vernon County
1591,29,219,29219,Missouri,Warren County
1592,29,221,29221,Missouri,Washington County
1593,29,223,29223,Missouri,Wayne County
1594,29,225,29225,Missouri,Webster County
1595,29,227,29227,Missouri,Worth County
1596,29,229,29229,Missouri,Wright County
1597,29,510,29510,Missouri,St. Louis City
1598,30,1,30001,Montana,Beaverhead County
1599,30,3,30003,Montana,Big Horn County
1600,30,5,30005,Montana,Blaine County
1601,30,7,30007,Montana,Broadwater County
1602,30,9,30009,Montana,Carbon County
1603,30,11,30011,Montana,Carter County
1604,30,13,30013,Montana,Cascade County
1605,30,15,30015,Montana,Chouteau County
1606,30,17,30017,Montana,Custer County
1607,30,19,30019,Montana,Daniels County
1608,30,21,30021,Montana,Dawson County
1609,30,23,30023,Montana,Deer Lodge County
1610,30,25,30025,Montana,Fallon County
1611,30,27,30027,Montana,Fergus County
1612,30,29,30029,Montana,Flathead County
1613,30,31,30031,Montana,Gallatin County
1614,30,33,30033,Montana,Garfield County
1615,30,35,30035,Montana,Glacier County
1616,30,37,30037,Montana,Golden Valley County
1617,30,39,30039,Montana,Granite County
1618,30,41,30041,Montana,Hill County
1619,30,43,30043,Montana,Jefferson County
1620,30,45,30045,Montana,Judith Basin County
1621,30,47,30047,Montana,Lake County
1622,30,49,30049,Montana,Lewis And Clark County
1623,30,51,30051,Montana,Liberty County
1624,30,53,30053,Montana,Lincoln County
1625,30,55,30055,Montana,Mccone County
1626,30,57,30057,Montana,Madison County
1627,30,59,30059,Montana,Meagher County
1628,30,61,30061,Montana,Mineral County
1629,30,63,30063,Montana,Missoula County
1630,30,65,30065,Montana,Musselshell County
1631,30,67,30067,Montana,Park County
1632,30,69,30069,Montana,Petroleum County
1633,30,71,30071,Montana,Phillips County
1634,30,73,30073,Montana,Pondera County
1635,30,75,30075,Montana,Powder River County
1636,30,77,30077,Montana,Powell County
1637,30,79,30079,Montana,Prairie County
1638,30,81,30081,Montana,Ravalli County
1639,30,83,30083,Montana,Richland County
1640,30,85,30085,Montana,Roosevelt County
1641,30,87,30087,Montana,Rosebud County
1642,30,89,30089,Montana,Sanders County
1643,30,91,30091,Montana,Sheridan County
1644,30,93,30093,Montana,Silver Bow County
1645,30,95,30095,Montana,Stillwater County
1646,30,97,30097,Montana,Sweet Grass County
1647,30,99,30099,Montana,Teton County
1648,30,101,30101,Montana,Toole County
1649,30,103,30103,Montana,Treasure County
1650,30,105,30105,Montana,Valley County
1651,30,107,30107,Montana,Wheatland County
1652,30,109,30109,Montana,Wibaux County
1653,30,111,30111,Montana,Yellowstone County
1654,31,1,31001,Nebraska,Adams County
1655,31,3,31003,Nebraska,Antelope County
1656,31,5,31005,Nebraska,Arthur County
1657,31,7,31007,Nebraska,Banner County
1658,31,9,31009,Nebraska,Blaine County
1659,31,11,31011,Nebraska,Boone County
1660,31,13,31013,Nebraska,Box Butte County
1661,31,15,31015,Nebraska,Boyd County
1662,31,17,31017,Nebraska,Brown County
1663,31,19,31019,Nebraska,Buffalo County
1664,31,21,31021,Nebraska,Burt County
1665,31,23,31023,Nebraska,Butler County
1666,31,25,31025,Nebraska,Cass County
1667,31,27,31027,Nebraska,Cedar County
1668,31,29,31029,Nebraska,Chase County
1669,31,31,31031,Nebraska,Cherry County
1670,31,33,31033,Nebraska,Cheyenne County
1671,31,35,31035,Nebraska,Clay County
1672,31,37,31037,Nebraska,Colfax County
1673,31,39,31039,Nebraska,Cuming County
1674,31,41,31041,Nebraska,Custer County
1675,31,43,31043,Nebraska,Dakota County
1676,31,45,31045,Nebraska,Dawes County
1677,31,47,31047,Nebraska,Dawson County
1678,31,49,31049,Nebraska,Deuel County
1679,31,51,31051,Nebraska,Dixon County
1680,31,53,31053,Nebraska,Dodge County
1681,31,55,31055,Nebraska,Douglas County
1682,31,57,31057,Nebraska,Dundy County
1683,31,59,31059,Nebraska,Fillmore County
1684,31,61,31061,Nebraska,Franklin County
1685,31,63,31063,Nebraska,Frontier County
1686,31,65,31065,Nebraska,Furnas County
1687,31,67,31067,Nebraska,Gage County
1688,31,69,31069,Nebraska,Garden County
1689,31,71,31071,Nebraska,Garfield County
1690,31,73,31073,Nebraska,Gosper County
1691,31,75,31075,Nebraska,Grant County
1692,31,77,31077,Nebraska,Greeley County
1693,31,79,31079,Nebraska,Hall County
1694,31,81,31081,Nebraska,Hamilton County
1695,31,83,31083,Nebraska,Harlan County
1696,31,85,31085,Nebraska,Hayes County
1697,31,87,31087,Nebraska,Hitchcock County
1698,31,89,31089,Nebraska,Holt County
1699,31,91,31091,Nebraska,Hooker County
1700,31,93,31093,Nebraska,Howard County
1701,31,95,31095,Nebraska,Jefferson County
1702,31,97,31097,Nebraska,Johnson County
1703,31,99,31099,Nebraska,Kearney County
1704,31,101,31101,Nebraska,Keith County
1705,31,103,31103,Nebraska,Keya Paha County
1706,31,105,31105,Nebraska,Kimball County
1707,31,107,31107,Nebraska,Knox County
1708,31,109,31109,Nebraska,Lancaster County
1709,31,111,31111,Nebraska,Lincoln County
1710,31,113,31113,Nebraska,Logan County
1711,31,115,31115,Nebraska,Loup County
1712,31,117,31117,Nebraska,Mcpherson County
1713,31,119,31119,Nebraska,Madison County
1714,31,121,31121,Nebraska,Merrick County
1715,31,123,31123,Nebraska,Morrill County
1716,31,125,31125,Nebraska,Nance County
1717,31,127,31127,Nebraska,Nemaha County
1718,31,129,31129,Nebraska,Nuckolls County
1719,31,131,31131,Nebraska,Otoe County
1720,31,133,31133,Nebraska,Pawnee County
1721,31,135,31135,Nebraska,Perkins County
1722,31,137,31137,Nebraska,Phelps County
1723,31,139,31139,Nebraska,Pierce County
1724,31,141,31141,Nebraska,Platte County
1725,31,143,31143,Nebraska,Polk County
1726,31,145,31145,Nebraska,Red Willow County
1727,31,147,31147,Nebraska,Richardson County
1728,31,149,31149,Nebraska,Rock County
1729,31,151,31151,Nebraska,Saline County
1730,31,153,31153,Nebraska,Sarpy County
1731,31,155,31155,Nebraska,Saunders County
1732,31,157,31157,Nebraska,Scotts Bluff County
1733,31,159,31159,Nebraska,Seward County
1734,31,161,31161,Nebraska,Sheridan County
1735,31,163,31163,Nebraska,Sherman County
1736,31,165,31165,Nebraska,Sioux County
1737,31,167,31167,Nebraska,Stanton County
1738,31,169,31169,Nebraska,Thayer County
1739,31,171,31171,Nebraska,Thomas County
1740,31,173,31173,Nebraska,Thurston County
1741,31,175,31175,Nebraska,Valley County
1742,31,177,31177,Nebraska,Washington County
1743,31,179,31179,Nebraska,Wayne County
1744,31,181,31181,Nebraska,Webster County
1745,31,183,31183,Nebraska,Wheeler County
1746,31,185,31185,Nebraska,York County
1747,32,1,32001,Nevada,Churchill County
1748,32,3,32003,Nevada,Clark County
1749,32,5,32005,Nevada,Douglas County
1750,32,7,32007,Nevada,Elko County
1751,32,9,32009,Nevada,Esmeralda County
1752,32,11,32011,Nevada,Eureka County
1753,32,13,32013,Nevada,Humboldt County
1754,32,15,32015,Nevada,Lander County
1755,32,17,32017,Nevada,Lincoln County
1756,32,19,32019,Nevada,Lyon County
1757,32,21,32021,Nevada,Mineral County
1758,32,23,32023,Nevada,Nye County
1759,32,27,32027,Nevada,Pershing County
1760,32,29,32029,Nevada,Storey County
1761,32,31,32031,Nevada,Washoe County
1762,32,33,32033,Nevada,White Pine County
1763,32,510,32510,Nevada,Carson City
1764,33,1,33001,New Hampshire,Belknap County
1765,33,3,33003,New Hampshire,Carroll County
1766,33,5,33005,New Hampshire,Cheshire County
1767,33,7,33007,New Hampshire,Coos County
1768,33,9,33009,New Hampshire,Grafton County
1769,33,11,33011,New Hampshire,Hillsborough County
1770,33,13,33013,New Hampshire,Merrimack County
1771,33,15,33015,New Hampshire,Rockingham County
1772,33,17,33017,New Hampshire,Strafford County
1773,33,19,33019,New Hampshire,Sullivan County
1774,34,1,34001,New Jersey,Atlantic County
1775,34,3,34003,New Jersey,Bergen County
1776,34,5,34005,New Jersey,Burlington County
1777,34,7,34007,New Jersey,Camden County
1778,34,9,34009,New Jersey,Cape May County
1779,34,11,34011,New Jersey,Cumberland County
1780,34,13,34013,New Jersey,Essex County
1781,34,15,34015,New Jersey,Gloucester County
1782,34,17,34017,New Jersey,Hudson County
1783,34,19,34019,New Jersey,Hunterdon County
1784,34,21,34021,New Jersey,Mercer County
1785,34,23,34023,New Jersey,Middlesex County
1786,34,25,34025,New Jersey,Monmouth County
1787,34,27,34027,New Jersey,Morris County
1788,34,29,34029,New Jersey,Ocean County
1789,34,31,34031,New Jersey,Passaic County
1790,34,33,34033,New Jersey,Salem County
1791,34,35,34035,New Jersey,Somerset County
1792,34,37,34037,New Jersey,Sussex County
1793,34,39,34039,New Jersey,Union County
1794,34,41,34041,New Jersey,Warren County
1795,35,1,35001,New Mexico,Bernalillo County
1796,35,3,35003,New Mexico,Catron County
1797,35,5,35005,New Mexico,Chaves County
1798,35,6,35006,New Mexico,Cibola County
1799,35,7,35007,New Mexico,Colfax County
1800,35,9,35009,New Mexico,Curry County
1801,35,11,35011,New Mexico,De Baca County
1802,35,13,35013,New Mexico,Doña Ana County
1803,35,15,35015,New Mexico,Eddy County
1804,35,17,35017,New Mexico,Grant County
1805,35,19,35019,New Mexico,Guadalupe County
1806,35,21,35021,New Mexico,Harding County
1807,35,23,35023,New Mexico,Hidalgo County
1808,35,25,35025,New Mexico,Lea County
1809,35,27,35027,New Mexico,Lincoln County
1810,35,28,35028,New Mexico,Los Alamos County
1811,35,29,35029,New Mexico,Luna County
1812,35,31,35031,New Mexico,Mckinley County
1813,35,33,35033,New Mexico,Mora County
1814,35,35,35035,New Mexico,Otero County
1815,35,37,35037,New Mexico,Quay County
1816,35,39,35039,New Mexico,Rio Arriba County
1817,35,41,35041,New Mexico,Roosevelt County
1818,35,43,35043,New Mexico,Sandoval County
1819,35,45,35045,New Mexico,San Juan County
1820,35,47,35047,New Mexico,San Miguel County
1821,35,49,35049,New Mexico,Santa Fe County
1822,35,51,35051,New Mexico,Sierra County
1823,35,53,35053,New Mexico,Socorro County
1824,35,55,35055,New Mexico,Taos County
1825,35,57,35057,New Mexico,Torrance County
1826,35,59,35059,New Mexico,Union County
1827,35,61,35061,New Mexico,Valencia County
1828,36,1,36001,New York,Albany County
1829,36,3,36003,New York,Allegany County
1830,36,5,36005,New York,Bronx County
1831,36,7,36007,New York,Broome County
1832,36,9,36009,New York,Cattaraugus County
1833,36,11,36011,New York,Cayuga County
1834,36,13,36013,New York,Chautauqua County
1835,36,15,36015,New York,Chemung County
1836,36,17,36017,New York,Chenango County
1837,36,19,36019,New York,Clinton County
1838,36,21,36021,New York,Columbia County
1839,36,23,36023,New York,Cortland County
1840,36,25,36025,New York,Delaware County
1841,36,27,36027,New York,Dutchess County
1842,36,29,36029,New York,Erie County
1843,36,31,36031,New York,Essex County
1844,36,33,36033,New York,Franklin County
1845,36,35,36035,New York,Fulton County
1846,36,37,36037,New York,Genesee County
1847,36,39,36039,New York,Greene County
1848,36,41,36041,New York,Hamilton County
1849,36,43,36043,New York,Herkimer County
1850,36,45,36045,New York,Jefferson County
1851,36,47,36047,New York,Kings County
1852,36,49,36049,New York,Lewis County
1853,36,51,36051,New York,Livingston County
1854,36,53,36053,New York,Madison County
1855,36,55,36055,New York,Monroe County
1856,36,57,36057,New York,Montgomery County
1857,36,59,36059,New York,Nassau County
1858,36,61,36061,New York,New York County
1859,36,63,36063,New York,Niagara County
1860,36,65,36065,New York,Oneida County
1861,36,67,36067,New York,Onondaga County
1862,36,69,36069,New York,Ontario County
1863,36,71,36071,New York,Orange County
1864,36,73,36073,New York,Orleans County
1865,36,75,36075,New York,Oswego County
1866,36,77,36077,New York,Otsego County
1867,36,79,36079,New York,Putnam County
1868,36,81,36081,New York,Queens County
1869,36,83,36083,New York,Rensselaer County
1870,36,85,36085,New York,Richmond County
1871,36,87,36087,New York,Rockland County
1872,36,89,36089,New York,St. Lawrence County
1873,36,91,36091,New York,Saratoga County
1874,36,93,36093,New York,Schenectady County
1875,36,95,36095,New York,Schoharie County
1876,36,97,36097,New York,Schuyler County
1877,36,99,36099,New York,Seneca County
1878,36,101,36101,New York,Steuben County
1879,36,103,36103,New York,Suffolk County
1880,36,105,36105,New York,Sullivan County
1881,36,107,36107,New York,Tioga County
1882,36,109,36109,New York,Tompkins County
1883,36,111,36111,New York,Ulster County
1884,36,113,36113,New York,Warren County
1885,36,115,36115,New York,Washington County
1886,36,117,36117,New York,Wayne County
1887,36,119,36119,New York,Westchester County
1888,36,121,36121,New York,Wyoming County
1889,36,123,36123,New York,Yates County
1890,37,1,37001,North Carolina,Alamance County
1891,37,3,37003,North Carolina,Alexander County
1892,37,5,37005,North Carolina,Alleghany County
1893,37,7,37007,North Carolina,Anson County
1894,37,9,37009,North Carolina,Ashe County
1895,37,11,37011,North Carolina,Avery County
1896,37,13,37013,North Carolina,Beaufort County
1897,37,15,37015,North Carolina,Bertie County
1898,37,17,37017,North Carolina,Bladen County
1899,37,19,37019,North Carolina,Brunswick County
1900,37,21,37021,North Carolina,Buncombe County
1901,37,23,37023,North Carolina,Burke County
1902,37,25,37025,North Carolina,Cabarrus County
1903,37,27,37027,North Carolina,Caldwell County
1904,37,29,37029,North Carolina,Camden County
1905,37,31,37031,North Carolina,Carteret County
1906,37,33,37033,North Carolina,Caswell County
1907,37,35,37035,North Carolina,Catawba County
1908,37,37,37037,North Carolina,Chatham County
1909,37,39,37039,North Carolina,Cherokee County
1910,37,41,37041,North Carolina,Chowan County
1911,37,43,37043,North Carolina,Clay County
1912,37,45,37045,North Carolina,Cleveland County
1913,37,47,37047,North Carolina,Columbus County
1914,37,49,37049,North Carolina,Craven County
1915,37,51,37051,North Carolina,Cumberland County
1916,37,53,37053,North Carolina,Currituck County
1917,37,55,37055,North Carolina,Dare County
1918,37,57,37057,North Carolina,Davidson County
1919,37,59,37059,North Carolina,Davie County
1920,37,61,37061,North Carolina,Duplin County
1921,37,63,37063,North Carolina,Durham County
1922,37,65,37065,North Carolina,Edgecombe County
1923,37,67,37067,North Carolina,Forsyth County
1924,37,69,37069,North Carolina,Franklin County
1925,37,71,37071,North Carolina,Gaston County
1926,37,73,37073,North Carolina,Gates County
1927,37,75,37075,North Carolina,Graham County
1928,37,77,37077,North Carolina,Granville County
1929,37,79,37079,North Carolina,Greene County
1930,37,81,37081,North Carolina,Guilford County
1931,37,83,37083,North Carolina,Halifax County
1932,37,85,37085,North Carolina,Harnett County
1933,37,87,37087,North Carolina,Haywood County
1934,37,89,37089,North Carolina,Henderson County
1935,37,91,37091,North Carolina,Hertford County
1936,37,93,37093,North Carolina,Hoke County
1937,37,95,37095,North Carolina,Hyde County
1938,37,97,37097,North Carolina,Iredell County
1939,37,99,37099,North Carolina,Jackson County
1940,37,101,37101,North Carolina,Johnston County
1941,37,103,37103,North Carolina,Jones County
1942,37,105,37105,North Carolina,Lee County
1943,37,107,37107,North Carolina,Lenoir County
1944,37,109,37109,North Carolina,Lincoln County
1945,37,111,37111,North Carolina,Mcdowell County
1946,37,113,37113,North Carolina,Macon County
1947,37,115,37115,North Carolina,Madison County
1948,37,117,37117,North Carolina,Martin County
1949,37,119,37119,North Carolina,Mecklenburg County
1950,37,121,37121,North Carolina,Mitchell County
1951,37,123,37123,North Carolina,Montgomery County
1952,37,125,37125,North Carolina,Moore County
1953,37,127,37127,North Carolina,Nash County
1954,37,129,37129,North Carolina,New Hanover County
1955,37,131,37131,North Carolina,Northampton County
1956,37,133,37133,North Carolina,Onslow County
1957,37,135,37135,North Carolina,Orange County
1958,37,137,37137,North Carolina,Pamlico County
1959,37,139,37139,North Carolina,Pasquotank County
1960,37,141,37141,North Carolina,Pender County
1961,37,143,37143,North Carolina,Perquimans County
1962,37,145,37145,North Carolina,Person County
1963,37,147,37147,North Carolina,Pitt County
1964,37,149,37149,North Carolina,Polk County
1965,37,151,37151,North Carolina,Randolph County
1966,37,153,37153,North Carolina,Richmond County
1967,37,155,37155,North Carolina,Robeson County
1968,37,157,37157,North Carolina,Rockingham County
1969,37,159,37159,North Carolina,Rowan County
1970,37,161,37161,North Carolina,Rutherford County
1971,37,163,37163,North Carolina,Sampson County
1972,37,165,37165,North Carolina,Scotland County
1973,37,167,37167,North Carolina,Stanly County
1974,37,169,37169,North Carolina,Stokes County
1975,37,171,37171,North Carolina,Surry County
1976,37,173,37173,North Carolina,Swain County
1977,37,175,37175,North Carolina,Transylvania County
1978,37,177,37177,North Carolina,Tyrrell County
1979,37,179,37179,North Carolina,Union County
1980,37,181,37181,North Carolina,Vance County
1981,37,183,37183,North Carolina,Wake County
1982,37,185,37185,North Carolina,Warren County
1983,37,187,37187,North Carolina,Washington County
1984,37,189,37189,North Carolina,Watauga County
1985,37,191,37191,North Carolina,Wayne County
1986,37,193,37193,North Carolina,Wilkes County
1987,37,195,37195,North Carolina,Wilson County
1988,37,197,37197,North Carolina,Yadkin County
1989,37,199,37199,North Carolina,Yancey County
1990,38,1,38001,North Dakota,Adams County
1991,38,3,38003,North Dakota,Barnes County
1992,38,5,38005,North Dakota,Benson County
1993,38,7,38007,North Dakota,Billings County
1994,38,9,38009,North Dakota,Bottineau County
1995,38,11,38011,North Dakota,Bowman County
1996,38,13,38013,North Dakota,Burke County
1997,38,15,38015,North Dakota,Burleigh County
1998,38,17,38017,North Dakota,Cass County
1999,38,19,38019,North Dakota,Cavalier County
2000,38,21,38021,North Dakota,Dickey County
2001,38,23,38023,North Dakota,Divide County
2002,38,25,38025,North Dakota,Dunn County
2003,38,27,38027,North Dakota,Eddy County
2004,38,29,38029,North Dakota,Emmons County
2005,38,31,38031,North Dakota,Foster County
2006,38,33,38033,North Dakota,Golden Valley County
2007,38,35,38035,North Dakota,Grand Forks County
2008,38,37,38037,North Dakota,Grant County
2009,38,39,38039,North Dakota,Griggs County
2010,38,41,38041,North Dakota,Hettinger County
2011,38,43,38043,North Dakota,Kidder County
2012,38,45,38045,North Dakota,Lamoure County
2013,38,47,38047,North Dakota,Logan County
2014,38,49,38049,North Dakota,Mchenry County
2015,38,51,38051,North Dakota,Mcintosh County
2016,38,53,38053,North Dakota,Mckenzie County
2017,38,55,38055,North Dakota,Mclean County
2018,38,57,38057,North Dakota,Mercer County
2019,38,59,38059,North Dakota,Morton County
2020,38,61,38061,North Dakota,Mountrail County
2021,38,63,38063,North Dakota,Nelson County
2022,38,65,38065,North Dakota,Oliver County
2023,38,67,38067,North Dakota,Pembina County
2024,38,69,38069,North Dakota,Pierce County
2025,38,71,38071,North Dakota,Ramsey County
2026,38,73,38073,North Dakota,Ransom County
2027,38,75,38075,North Dakota,Renville County
2028,38,77,38077,North Dakota,Richland County
2029,38,79,38079,North Dakota,Rolette County
2030,38,81,38081,North Dakota,Sargent County
2031,38,83,38083,North Dakota,Sheridan County
2032,38,85,38085,North Dakota,Sioux County
2033,38,87,38087,North Dakota,Slope County
2034,38,89,38089,North Dakota,Stark County
2035,38,91,38091,North Dakota,Steele County
2036,38,93,38093,North Dakota,Stutsman County
2037,38,95,38095,North Dakota,Towner County
2038,38,97,38097,North Dakota,Traill County
2039,38,99,38099,North Dakota,Walsh County
2040,38,101,38101,North Dakota,Ward County
2041,38,103,38103,North Dakota,Wells County
2042,38,105,38105,North Dakota,Williams County
2043,39,1,39001,Ohio,Adams County
2044,39,3,39003,Ohio,Allen County
2045,39,5,39005,Ohio,Ashland County
2046,39,7,39007,Ohio,Ashtabula County
2047,39,9,39009,Ohio,Athens County
2048,39,11,39011,Ohio,Auglaize County
2049,39,13,39013,Ohio,Belmont County
2050,39,15,39015,Ohio,Brown County
2051,39,17,39017,Ohio,Butler County
2052,39,19,39019,Ohio,Carroll County
2053,39,21,39021,Ohio,Champaign County
2054,39,23,39023,Ohio,Clark County
2055,39,25,39025,Ohio,Clermont County
2056,39,27,39027,Ohio,Clinton County
2057,39,29,39029,Ohio,Columbiana County
2058,39,31,39031,Ohio,Coshocton County
2059,39,33,39033,Ohio,Crawford County
2060,39,35,39035,Ohio,Cuyahoga County
2061,39,37,39037,Ohio,Darke County
2062,39,39,39039,Ohio,Defiance County
2063,39,41,39041,Ohio,Delaware County
2064,39,43,39043,Ohio,Erie County
2065,39,45,39045,Ohio,Fairfield County
2066,39,47,39047,Ohio,Fayette County
2067,39,49,39049,Ohio,Franklin County
2068,39,51,39051,Ohio,Fulton County
2069,39,53,39053,Ohio,Gallia County
2070,39,55,39055,Ohio,Geauga County
2071,39,57,39057,Ohio,Greene County
2072,39,59,39059,Ohio,Guernsey County
2073,39,61,39061,Ohio,Hamilton County
2074,39,63,39063,Ohio,Hancock County
2075,39,65,39065,Ohio,Hardin County
2076,39,67,39067,Ohio,Harrison County
2077,39,69,39069,Ohio,Henry County
2078,39,71,39071,Ohio,Highland County
2079,39,73,39073,Ohio,Hocking County
2080,39,75,39075,Ohio,Holmes County
2081,39,77,39077,Ohio,Huron County
2082,39,79,39079,Ohio,Jackson County
2083,39,81,39081,Ohio,Jefferson County
2084,39,83,39083,Ohio,Knox County
2085,39,85,39085,Ohio,Lake County
2086,39,87,39087,Ohio,Lawrence County
2087,39,89,39089,Ohio,Licking County
2088,39,91,39091,Ohio,Logan County
2089,39,93,39093,Ohio,Lorain County
2090,39,95,39095,Ohio,Lucas County
2091,39,97,39097,Ohio,Madison County
2092,39,99,39099,Ohio,Mahoning County
2093,39,101,39101,Ohio,Marion County
2094,39,103,39103,Ohio,Medina County
2095,39,105,39105,Ohio,Meigs County
2096,39,107,39107,Ohio,Mercer County
2097,39,109,39109,Ohio,Miami County
2098,39,111,39111,Ohio,Monroe County
2099,39,113,39113,Ohio,Montgomery County
2100,39,115,39115,Ohio,Morgan County
2101,39,117,39117,Ohio,Morrow County
2102,39,119,39119,Ohio,Muskingum County
2103,39,121,39121,Ohio,Noble County
2104,39,123,39123,Ohio,Ottawa County
2105,39,125,39125,Ohio,Paulding County
2106,39,127,39127,Ohio,Perry County
2107,39,129,39129,Ohio,Pickaway County
2108,39,131,39131,Ohio,Pike County
2109,39,133,39133,Ohio,Portage County
2110,39,135,39135,Ohio,Preble County
2111,39,137,39137,Ohio,Putnam County
2112,39,139,39139,Ohio,Richland County
2113,39,141,39141,Ohio,Ross County
2114,39,143,39143,Ohio,Sandusky County
2115,39,145,39145,Ohio,Scioto County
2116,39,147,39147,Ohio,Seneca County
2117,39,149,39149,Ohio,Shelby County
2118,39,151,39151,Ohio,Stark County
2119,39,153,39153,Ohio,Summit County
2120,39,155,39155,Ohio,Trumbull County
2121,39,157,39157,Ohio,Tuscarawas County
2122,39,159,39159,Ohio,Union County
2123,39,161,39161,Ohio,Van Wert County
2124,39,163,39163,Ohio,Vinton County
2125,39,165,39165,Ohio,Warren County
2126,39,167,39167,Ohio,Washington County
2127,39,169,39169,Ohio,Wayne County
2128,39,171,39171,Ohio,Williams County
2129,39,173,39173,Ohio,Wood County
2130,39,175,39175,Ohio,Wyandot County
2131,40,1,40001,Oklahoma,Adair County
2132,40,3,40003,Oklahoma,Alfalfa County
2133,40,5,40005,Oklahoma,Atoka County
2134,40,7,40007,Oklahoma,Beaver County
2135,40,9,40009,Oklahoma,Beckham County
2136,40,11,40011,Oklahoma,Blaine County
2137,40,13,40013,Oklahoma,Bryan County
2138,40,15,40015,Oklahoma,Caddo County
2139,40,17,40017,Oklahoma,Canadian County
2140,40,19,40019,Oklahoma,Carter County
2141,40,21,40021,Oklahoma,Cherokee County
2142,40,23,40023,Oklahoma,Choctaw County
2143,40,25,40025,Oklahoma,Cimarron County
2144,40,27,40027,Oklahoma,Cleveland County
2145,40,29,40029,Oklahoma,Coal County
2146,40,31,40031,Oklahoma,Comanche County
2147,40,33,40033,Oklahoma,Cotton County
2148,40,35,40035,Oklahoma,Craig County
2149,40,37,40037,Oklahoma,Creek County
2150,40,39,40039,Oklahoma,Custer County
2151,40,41,40041,Oklahoma,Delaware County
2152,40,43,40043,Oklahoma,Dewey County
2153,40,45,40045,Oklahoma,Ellis County
2154,40,47,40047,Oklahoma,Garfield County
2155,40,49,40049,Oklahoma,Garvin County
2156,40,51,40051,Oklahoma,Grady County
2157,40,53,40053,Oklahoma,Grant County
2158,40,55,40055,Oklahoma,Greer County
2159,40,57,40057,Oklahoma,Harmon County
2160,40,59,40059,Oklahoma,Harper County
2161,40,61,40061,Oklahoma,Haskell County
2162,40,63,40063,Oklahoma,Hughes County
2163,40,65,40065,Oklahoma,Jackson County
2164,40,67,40067,Oklahoma,Jefferson County
2165,40,69,40069,Oklahoma,Johnston County
2166,40,71,40071,Oklahoma,Kay County
2167,40,73,40073,Oklahoma,Kingfisher County
2168,40,75,40075,Oklahoma,Kiowa County
2169,40,77,40077,Oklahoma,Latimer County
2170,40,79,40079,Oklahoma,Le Flore County
2171,40,81,40081,Oklahoma,Lincoln County
2172,40,83,40083,Oklahoma,Logan County
2173,40,85,40085,Oklahoma,Love County
2174,40,87,40087,Oklahoma,Mcclain County
2175,40,89,40089,Oklahoma,Mccurtain County
2176,40,91,40091,Oklahoma,Mcintosh County
2177,40,93,40093,Oklahoma,Major County
2178,40,95,40095,Oklahoma,Marshall County
2179,40,97,40097,Oklahoma,Mayes County
2180,40,99,40099,Oklahoma,Murray County
2181,40,101,40101,Oklahoma,Muskogee County
2182,40,103,40103,Oklahoma,Noble County
2183,40,105,40105,Oklahoma,Nowata County
2184,40,107,40107,Oklahoma,Okfuskee County
2185,40,109,40109,Oklahoma,Oklahoma County
2186,40,111,40111,Oklahoma,Okmulgee County
2187,40,113,40113,Oklahoma,Osage County
2188,40,115,40115,Oklahoma,Ottawa County
2189,40,117,40117,Oklahoma,Pawnee County
2190,40,119,40119,Oklahoma,Payne County
2191,40,121,40121,Oklahoma,Pittsburg County
2192,40,123,40123,Oklahoma,Pontotoc County
2193,40,125,40125,Oklahoma,Pottawatomie County
2194,40,127,40127,Oklahoma,Pushmataha County
2195,40,129,40129,Oklahoma,Roger Mills County
2196,40,131,40131,Oklahoma,Rogers County
2197,40,133,40133,Oklahoma,Seminole County
2198,40,135,40135,Oklahoma,Sequoyah County
2199,40,137,40137,Oklahoma,Stephens County
2200,40,139,40139,Oklahoma,Texas County
2201,40,141,40141,Oklahoma,Tillman County
2202,40,143,40143,Oklahoma,Tulsa County
2203,40,145,40145,Oklahoma,Wagoner County
2204,40,147,40147,Oklahoma,Washington County
2205,40,149,40149,Oklahoma,Washita County
2206,40,151,40151,Oklahoma,Woods County
2207,40,153,40153,Oklahoma,Woodward County
2208,41,1,41001,Oregon,Baker County
2209,41,3,41003,Oregon,Benton County
2210,41,5,41005,Oregon,Clackamas County
2211,41,7,41007,Oregon,Clatsop County
2212,41,9,41009,Oregon,Columbia County
2213,41,11,41011,Oregon,Coos County
2214,41,13,41013,Oregon,Crook County
2215,41,15,41015,Oregon,Curry County
2216,41,17,41017,Oregon,Deschutes County
2217,41,19,41019,Oregon,Douglas County
2218,41,21,41021,Oregon,Gilliam County
2219,41,23,41023,Oregon,Grant County
2220,41,25,41025,Oregon,Harney County
2221,41,27,41027,Oregon,Hood River County
2222,41,29,41029,Oregon,Jackson County
2223,41,31,41031,Oregon,Jefferson County
2224,41,33,41033,Oregon,Josephine County
2225,41,35,41035,Oregon,Klamath County
2226,41,37,41037,Oregon,Lake County
2227,41,39,41039,Oregon,Lane County
2228,41,41,41041,Oregon,Lincoln County
2229,41,43,41043,Oregon,Linn County
2230,41,45,41045,Oregon,Malheur County
2231,41,47,41047,Oregon,Marion County
2232,41,49,41049,Oregon,Morrow County
2233,41,51,41051,Oregon,Multnomah County
2234,41,53,41053,Oregon,Polk County
2235,41,55,41055,Oregon,Sherman County
2236,41,57,41057,Oregon,Tillamook County
2237,41,59,41059,Oregon,Umatilla County
2238,41,61,41061,Oregon,Union County
2239,41,63,41063,Oregon,Wallowa County
2240,41,65,41065,Oregon,Wasco County
2241,41,67,41067,Oregon,Washington County
2242,41,69,41069,Oregon,Wheeler County
2243,41,71,41071,Oregon,Yamhill County
2244,42,1,42001,Pennsylvania,Adams County
2245,42,3,42003,Pennsylvania,Allegheny County
2246,42,5,42005,Pennsylvania,Armstrong County
2247,42,7,42007,Pennsylvania,Beaver County
2248,42,9,42009,Pennsylvania,Bedford County
2249,42,11,42011,Pennsylvania,Berks County
2250,42,13,42013,Pennsylvania,Blair County
2251,42,15,42015,Pennsylvania,Bradford County
2252,42,17,42017,Pennsylvania,Bucks County
2253,42,19,42019,Pennsylvania,Butler County
2254,42,21,42021,Pennsylvania,Cambria County
2255,42,23,42023,Pennsylvania,Cameron County
2256,42,25,42025,Pennsylvania,Carbon County
2257,42,27,42027,Pennsylvania,Centre County
2258,42,29,42029,Pennsylvania,Chester County
2259,42,31,42031,Pennsylvania,Clarion County
2260,42,33,42033,Pennsylvania,Clearfield County
2261,42,35,42035,Pennsylvania,Clinton County
2262,42,37,42037,Pennsylvania,Columbia County
2263,42,39,42039,Pennsylvania,Crawford County
2264,42,41,42041,Pennsylvania,Cumberland County
2265,42,43,42043,Pennsylvania,Dauphin County
2266,42,45,42045,Pennsylvania,Delaware County
2267,42,47,42047,Pennsylvania,Elk County
2268,42,49,42049,Pennsylvania,Erie County
2269,42,51,42051,Pennsylvania,Fayette County
2270,42,53,42053,Pennsylvania,Forest County
2271,42,55,42055,Pennsylvania,Franklin County
2272,42,57,42057,Pennsylvania,Fulton County
2273,42,59,42059,Pennsylvania,Greene County
2274,42,61,42061,Pennsylvania,Huntingdon County
2275,42,63,42063,Pennsylvania,Indiana County
2276,42,65,42065,Pennsylvania,Jefferson County
2277,42,67,42067,Pennsylvania,Juniata County
2278,42,69,42069,Pennsylvania,Lackawanna County
2279,42,71,42071,Pennsylvania,Lancaster County
2280,42,73,42073,Pennsylvania,Lawrence County
2281,42,75,42075,Pennsylvania,Lebanon County
2282,42,77,42077,Pennsylvania,Lehigh County
2283,42,79,42079,Pennsylvania,Luzerne County
2284,42,81,42081,Pennsylvania,Lycoming County
2285,42,83,42083,Pennsylvania,Mckean County
2286,42,85,42085,Pennsylvania,Mercer County
2287,42,87,42087,Pennsylvania,Mifflin County
2288,42,89,42089,Pennsylvania,Monroe County
2289,42,91,42091,Pennsylvania,Montgomery County
2290,42,93,42093,Pennsylvania,Montour County
2291,42,95,42095,Pennsylvania,Northampton County
2292,42,97,42097,Pennsylvania,Northumberland County
2293,42,99,42099,Pennsylvania,Perry County
2294,42,101,42101,Pennsylvania,Philadelphia County
2295,42,103,42103,Pennsylvania,Pike County
2296,42,105,42105,Pennsylvania,Potter County
2297,42,107,42107,Pennsylvania,Schuylkill County
2298,42,109,42109,Pennsylvania,Snyder County
2299,42,111,42111,Pennsylvania,Somerset County
2300,42,113,42113,Pennsylvania,Sullivan County
2301,42,115,42115,Pennsylvania,Susquehanna County
2302,42,117,42117,Pennsylvania,Tioga County
2303,42,119,42119,Pennsylvania,Union County
2304,42,121,42121,Pennsylvania,Venango County
2305,42,123,42123,Pennsylvania,Warren County
2306,42,125,42125,Pennsylvania,Washington County
2307,42,127,42127,Pennsylvania,Wayne County
2308,42,129,42129,Pennsylvania,Westmoreland County
2309,42,131,42131,Pennsylvania,Wyoming County
2310,42,133,42133,Pennsylvania,York County
2311,44,1,44001,Rhode Island,Bristol County
2312,44,3,44003,Rhode Island,Kent County
2313,44,5,44005,Rhode Island,Newport County
2314,44,7,44007,Rhode Island,Providence County
2315,44,9,44009,Rhode Island,Washington County
2316,45,1,45001,South Carolina,Abbeville County
2317,45,3,45003,South Carolina,Aiken County
2318,45,5,45005,South Carolina,Allendale County
2319,45,7,45007,South Carolina,Anderson County
2320,45,9,45009,South Carolina,Bamberg County
2321,45,11,45011,South Carolina,Barnwell County
2322,45,13,45013,South Carolina,Beaufort County
2323,45,15,45015,South Carolina,Berkeley County
2324,45,17,45017,South Carolina,Calhoun County
2325,45,19,45019,South Carolina,Charleston County
2326,45,21,45021,South Carolina,Cherokee County
2327,45,23,45023,South Carolina,Chester County
2328,45,25,45025,South Carolina,Chesterfield County
2329,45,27,45027,South Carolina,Clarendon County
2330,45,29,45029,South Carolina,Colleton County
2331,45,31,45031,South Carolina,Darlington County
2332,45,33,45033,South Carolina,Dillon County
2333,45,35,45035,South Carolina,Dorchester County
2334,45,37,45037,South Carolina,Edgefield County
2335,45,39,45039,South Carolina,Fairfield County
2336,45,41,45041,South Carolina,Florence County
2337,45,43,45043,South Carolina,Georgetown County
2338,45,45,45045,South Carolina,Greenville County
2339,45,47,45047,South Carolina,Greenwood County
2340,45,49,45049,South Carolina,Hampton County
2341,45,51,45051,South Carolina,Horry County
2342,45,53,45053,South Carolina,Jasper County
2343,45,55,45055,South Carolina,Kershaw County
2344,45,57,45057,South Carolina,Lancaster County
2345,45,59,45059,South Carolina,Laurens County
2346,45,61,45061,South Carolina,Lee County
2347,45,63,45063,South Carolina,Lexington County
2348,45,65,45065,South Carolina,Mccormick County
2349,45,67,45067,South Carolina,Marion County
2350,45,69,45069,South Carolina,Marlboro County
2351,45,71,45071,South Carolina,Newberry County
2352,45,73,45073,South Carolina,Oconee County
2353,45,75,45075,South Carolina,Orangeburg County
2354,45,77,45077,South Carolina,Pickens County
2355,45,79,45079,South Carolina,Richland County
2356,45,81,45081,South Carolina,Saluda County
2357,45,83,45083,South Carolina,Spartanburg County
2358,45,85,45085,South Carolina,Sumter County
2359,45,87,45087,South Carolina,Union County
2360,45,89,45089,South Carolina,Williamsburg County
2361,45,91,45091,South Carolina,York County
2362,46,3,46003,South Dakota,Aurora County
2363,46,5,46005,South Dakota,Beadle County
2364,46,7,46007,South Dakota,Bennett County
2365,46,9,46009,South Dakota,Bon Homme County
2366,46,11,46011,South Dakota,Brookings County
2367,46,13,46013,South Dakota,Brown County
2368,46,15,46015,South Dakota,Brule County
2369,46,17,46017,South Dakota,Buffalo County
2370,46,19,46019,South Dakota,Butte County
2371,46,21,46021,South Dakota,Campbell County
2372,46,23,46023,South Dakota,Charles Mix County
2373,46,25,46025,South Dakota,Clark County
2374,46,27,46027,South Dakota,Clay County
2375,46,29,46029,South Dakota,Codington County
2376,46,31,46031,South Dakota,Corson County
2377,46,33,46033,South Dakota,Custer County
2378,46,35,46035,South Dakota,Davison County
2379,46,37,46037,South Dakota,Day County
2380,46,39,46039,South Dakota,Deuel County
2381,46,41,46041,South Dakota,Dewey County
2382,46,43,46043,South Dakota,Douglas County
2383,46,45,46045,South Dakota,Edmunds County
2384,46,47,46047,South Dakota,Fall River County
2385,46,49,46049,South Dakota,Faulk County
2386,46,51,46051,South Dakota,Grant County
2387,46,53,46053,South Dakota,Gregory County
2388,46,55,46055,South Dakota,Haakon County
2389,46,57,46057,South Dakota,Hamlin County
2390,46,59,46059,South Dakota,Hand County
2391,46,61,46061,South Dakota,Hanson County
2392,46,63,46063,South Dakota,Harding County
2393,46,65,46065,South Dakota,Hughes County
2394,46,67,46067,South Dakota,Hutchinson County
2395,46,69,46069,South Dakota,Hyde County
2396,46,71,46071,South Dakota,Jackson County
2397,46,73,46073,South Dakota,Jerauld County
2398,46,75,46075,South Dakota,Jones County
2399,46,77,46077,South Dakota,Kingsbury County
2400,46,79,46079,South Dakota,Lake County
2401,46,81,46081,South Dakota,Lawrence County
2402,46,83,46083,South Dakota,Lincoln County
2403,46,85,46085,South Dakota,Lyman County
2404,46,87,46087,South Dakota,Mccook County
2405,46,89,46089,South Dakota,Mcpherson County
2406,46,91,46091,South Dakota,Marshall County
2407,46,93,46093,South Dakota,Meade County
2408,46,95,46095,South Dakota,Mellette County
2409,46,97,46097,South Dakota,Miner County
2410,46,99,46099,South Dakota,Minnehaha County
2411,46,101,46101,South Dakota,Moody County
2412,46,102,46102,South Dakota,Oglala Lakota County
2413,46,103,46103,South Dakota,Pennington County
2414,46,105,46105,South Dakota,Perkins County
2415,46,107,46107,South Dakota,Potter County
2416,46,109,46109,South Dakota,Roberts County
2417,46,111,46111,South Dakota,Sanborn County
2418,46,115,46115,South Dakota,Spink County
2419,46,117,46117,South Dakota,Stanley County
2420,46,119,46119,South Dakota,Sully County
2421,46,121,46121,South Dakota,Todd County
2422,46,123,46123,South Dakota,Tripp County
2423,46,125,46125,South Dakota,Turner County
2424,46,127,46127,South Dakota,Union County
2425,46,129,46129,South Dakota,Walworth County
2426,46,135,46135,South Dakota,Yankton County
2427,46,137,46137,South Dakota,Ziebach County
2428,47,1,47001,Tennessee,Anderson County
2429,47,3,47003,Tennessee,Bedford County
2430,47,5,47005,Tennessee,Benton County
2431,47,7,47007,Tennessee,Bledsoe County
2432,47,9,47009,Tennessee,Blount County
2433,47,11,47011,Tennessee,Bradley County
2434,47,13,47013,Tennessee,Campbell County
2435,47,15,47015,Tennessee,Cannon County
2436,47,17,47017,Tennessee,Carroll County
2437,47,19,47019,Tennessee,Carter County
2438,47,21,47021,Tennessee,Cheatham County
2439,47,23,47023,Tennessee,Chester County
2440,47,25,47025,Tennessee,Claiborne County
2441,47,27,47027,Tennessee,Clay County
2442,47,29,47029,Tennessee,Cocke County
2443,47,31,47031,Tennessee,Coffee County
2444,47,33,47033,Tennessee,Crockett County
2445,47,35,47035,Tennessee,Cumberland County
2446,47,37,47037,Tennessee,Davidson County
2447,47,39,47039,Tennessee,Decatur County
2448,47,41,47041,Tennessee,Dekalb County
2449,47,43,47043,Tennessee,Dickson County
2450,47,45,47045,Tennessee,Dyer County
2451,47,47,47047,Tennessee,Fayette County
2452,47,49,47049,Tennessee,Fentress County
2453,47,51,47051,Tennessee,Franklin County
2454,47,53,47053,Tennessee,Gibson County
2455,47,55,47055,Tennessee,Giles County
2456,47,57,47057,Tennessee,Grainger County
2457,47,59,47059,Tennessee,Greene County
2458,47,61,47061,Tennessee,Grundy County
2459,47,63,47063,Tennessee,Hamblen County
2460,47,65,47065,Tennessee,Hamilton County
2461,47,67,47067,Tennessee,Hancock County
2462,47,69,47069,Tennessee,Hardeman County
2463,47,71,47071,Tennessee,Hardin County
2464,47,73,47073,Tennessee,Hawkins County
2465,47,75,47075,Tennessee,Haywood County
2466,47,77,47077,Tennessee,Henderson County
2467,47,79,47079,Tennessee,Henry County
2468,47,81,47081,Tennessee,Hickman County
2469,47,83,47083,Tennessee,Houston County
2470,47,85,47085,Tennessee,Humphreys County
2471,47,87,47087,Tennessee,Jackson County
2472,47,89,47089,Tennessee,Jefferson County
2473,47,91,47091,Tennessee,Johnson County
2474,47,93,47093,Tennessee,Knox County
2475,47,95,47095,Tennessee,Lake County
2476,47,97,47097,Tennessee,Lauderdale County
2477,47,99,47099,Tennessee,Lawrence County
2478,47,101,47101,Tennessee,Lewis County
2479,47,103,47103,Tennessee,Lincoln County
2480,47,105,47105,Tennessee,Loudon County
2481,47,107,47107,Tennessee,Mcminn County
2482,47,109,47109,Tennessee,Mcnairy County
2483,47,111,47111,Tennessee,Macon County
2484,47,113,47113,Tennessee,Madison County
2485,47,115,47115,Tennessee,Marion County
2486,47,117,47117,Tennessee,Marshall County
2487,47,119,47119,Tennessee,Maury County
2488,47,121,47121,Tennessee,Meigs County
2489,47,123,47123,Tennessee,Monroe County
2490,47,125,47125,Tennessee,Montgomery County
2491,47,127,47127,Tennessee,Moore County
2492,47,129,47129,Tennessee,Morgan County
2493,47,131,47131,Tennessee,Obion County
2494,47,133,47133,Tennessee,Overton County
2495,47,135,47135,Tennessee,Perry County
2496,47,137,47137,Tennessee,Pickett County
2497,47,139,47139,Tennessee,Polk County
2498,47,141,47141,Tennessee,Putnam County
2499,47,143,47143,Tennessee,Rhea County
2500,47,145,47145,Tennessee,Roane County
2501,47,147,47147,Tennessee,Robertson County
2502,47,149,47149,Tennessee,Rutherford County
2503,47,151,47151,Tennessee,Scott County
2504,47,153,47153,Tennessee,Sequatchie County
2505,47,155,47155,Tennessee,Sevier County
2506,47,157,47157,Tennessee,Shelby County
2507,47,159,47159,Tennessee,Smith County
2508,47,161,47161,Tennessee,Stewart County
2509,47,163,47163,Tennessee,Sullivan County
2510,47,165,47165,Tennessee,Sumner County
2511,47,167,47167,Tennessee,Tipton County
2512,47,169,47169,Tennessee,Trousdale County
2513,47,171,47171,Tennessee,Unicoi County
2514,47,173,47173,Tennessee,Union County
2515,47,175,47175,Tennessee,Van Buren County
2516,47,177,47177,Tennessee,Warren County
2517,47,179,47179,Tennessee,Washington County
2518,47,181,47181,Tennessee,Wayne County
2519,47,183,47183,Tennessee,Weakley County
2520,47,185,47185,Tennessee,White County
2521,47,187,47187,Tennessee,Williamson County
2522,47,189,47189,Tennessee,Wilson County
2523,48,1,48001,Texas,Anderson County
2524,48,3,48003,Texas,Andrews County
2525,48,5,48005,Texas,Angelina County
2526,48,7,48007,Texas,Aransas County
2527,48,9,48009,Texas,Archer County
2528,48,11,48011,Texas,Armstrong County
2529,48,13,48013,Texas,Atascosa County
2530,48,15,48015,Texas,Austin County
2531,48,17,48017,Texas,Bailey County
2532,48,19,48019,Texas,Bandera County
2533,48,21,48021,Texas,Bastrop County
2534,48,23,48023,Texas,Baylor County
2535,48,25,48025,Texas,Bee County
2536,48,27,48027,Texas,Bell County
2537,48,29,48029,Texas,Bexar County
2538,48,31,48031,Texas,Blanco County
2539,48,33,48033,Texas,Borden County
2540,48,35,48035,Texas,Bosque County
2541,48,37,48037,Texas,Bowie County
2542,48,39,48039,Texas,Brazoria County
2543,48,41,48041,Texas,Brazos County
2544,48,43,48043,Texas,Brewster County
2545,48,45,48045,Texas,Briscoe County
2546,48,47,48047,Texas,Brooks County
2547,48,49,48049,Texas,Brown County
2548,48,51,48051,Texas,Burleson County
2549,48,53,48053,Texas,Burnet County
2550,48,55,48055,Texas,Caldwell County
2551,48,57,48057,Texas,Calhoun County
2552,48,59,48059,Texas,Callahan County
2553,48,61,48061,Texas,Cameron County
2554,48,63,48063,Texas,Camp County
2555,48,65,48065,Texas,Carson County
2556,48,67,48067,Texas,Cass County
2557,48,69,48069,Texas,Castro County
2558,48,71,48071,Texas,Chambers County
2559,48,73,48073,Texas,Cherokee County
2560,48,75,48075,Texas,Childress County
2561,48,77,48077,Texas,Clay County
2562,48,79,48079,Texas,Cochran County
2563,48,81,48081,Texas,Coke County
2564,48,83,48083,Texas,Coleman County
2565,48,85,48085,Texas,Collin County
2566,48,87,48087,Texas,Collingsworth County
2567,48,89,48089,Texas,Colorado County
2568,48,91,48091,Texas,Comal County
2569,48,93,48093,Texas,Comanche County
2570,48,95,48095,Texas,Concho County
2571,48,97,48097,Texas,Cooke County
2572,48,99,48099,Texas,Coryell County
2573,48,101,48101,Texas,Cottle County
2574,48,103,48103,Texas,Crane County
2575,48,105,48105,Texas,Crockett County
2576,48,107,48107,Texas,Crosby County
2577,48,109,48109,Texas,Culberson County
2578,48,111,48111,Texas,Dallam County
2579,48,113,48113,Texas,Dallas County
2580,48,115,48115,Texas,Dawson County
2581,48,117,48117,Texas,Deaf Smith County
2582,48,119,48119,Texas,Delta County
2583,48,121,48121,Texas,Denton County
2584,48,123,48123,Texas,Dewitt County
2585,48,125,48125,Texas,Dickens County
2586,48,127,48127,Texas,Dimmit County
2587,48,129,48129,Texas,Donley County
2588,48,131,48131,Texas,Duval County
2589,48,133,48133,Texas,Eastland County
2590,48,135,48135,Texas,Ector County
2591,48,137,48137,Texas,Edwards County
2592,48,139,48139,Texas,Ellis County
2593,48,141,48141,Texas,El Paso County
2594,48,143,48143,Texas,Erath County
2595,48,145,48145,Texas,Falls County
2596,48,147,48147,Texas,Fannin County
2597,48,149,48149,Texas,Fayette County
2598,48,151,48151,Texas,Fisher County
2599,48,153,48153,Texas,Floyd County
2600,48,155,48155,Texas,Foard County
2601,48,157,48157,Texas,Fort Bend County
2602,48,159,48159,Texas,Franklin County
2603,48,161,48161,Texas,Freestone County
2604,48,163,48163,Texas,Frio County
2605,48,165,48165,Texas,Gaines County
2606,48,167,48167,Texas,Galveston County
2607,48,169,48169,Texas,Garza County
2608,48,171,48171,Texas,Gillespie County
2609,48,173,48173,Texas,Glasscock County
2610,48,175,48175,Texas,Goliad County
2611,48,177,48177,Texas,Gonzales County
2612,48,179,48179,Texas,Gray County
2613,48,181,48181,Texas,Grayson County
2614,48,183,48183,Texas,Gregg County
2615,48,185,48185,Texas,Grimes County
2616,48,187,48187,Texas,Guadalupe County
2617,48,189,48189,Texas,Hale County
2618,48,191,48191,Texas,Hall County
2619,48,193,48193,Texas,Hamilton County
2620,48,195,48195,Texas,Hansford County
2621,48,197,48197,Texas,Hardeman County
2622,48,199,48199,Texas,Hardin County
2623,48,201,48201,Texas,Harris County
2624,48,203,48203,Texas,Harrison County
2625,48,205,48205,Texas,Hartley County
2626,48,207,48207,Texas,Haskell County
2627,48,209,48209,Texas,Hays County
2628,48,211,48211,Texas,Hemphill County
2629,48,213,48213,Texas,Henderson County
2630,48,215,48215,Texas,Hidalgo County
2631,48,217,48217,Texas,Hill County
2632,48,219,48219,Texas,Hockley County
2633,48,221,48221,Texas,Hood County
2634,48,223,48223,Texas,Hopkins County
2635,48,225,48225,Texas,Houston County
2636,48,227,48227,Texas,Howard County
2637,48,229,48229,Texas,Hudspeth County
2638,48,231,48231,Texas,Hunt County
2639,48,233,48233,Texas,Hutchinson County
2640,48,235,48235,Texas,Irion County
2641,48,237,48237,Texas,Jack County
2642,48,239,48239,Texas,Jackson County
2643,48,241,48241,Texas,Jasper County
2644,48,243,48243,Texas,Jeff Davis County
2645,48,245,48245,Texas,Jefferson County
2646,48,247,48247,Texas,Jim Hogg County
2647,48,249,48249,Texas,Jim Wells County
2648,48,251,48251,Texas,Johnson County
2649,48,253,48253,Texas,Jones County
2650,48,255,48255,Texas,Karnes County
2651,48,257,48257,Texas,Kaufman County
2652,48,259,48259,Texas,Kendall County
2653,48,261,48261,Texas,Kenedy County
2654,48,263,48263,Texas,Kent County
2655,48,265,48265,Texas,Kerr County
2656,48,267,48267,Texas,Kimble County
2657,48,269,48269,Texas,King County
2658,48,271,48271,Texas,Kinney County
2659,48,273,48273,Texas,Kleberg County
2660,48,275,48275,Texas,Knox County
2661,48,277,48277,Texas,Lamar County
2662,48,279,48279,Texas,Lamb County
2663,48,281,48281,Texas,Lampasas County
2664,48,283,48283,Texas,La Salle County
2665,48,285,48285,Texas,Lavaca County
2666,48,287,48287,Texas,Lee County
2667,48,289,48289,Texas,Leon County
2668,48,291,48291,Texas,Liberty County
2669,48,293,48293,Texas,Limestone County
2670,48,295,48295,Texas,Lipscomb County
2671,48,297,48297,Texas,Live Oak County
2672,48,299,48299,Texas,Llano County
2673,48,301,48301,Texas,Loving County
2674,48,303,48303,Texas,Lubbock County
2675,48,305,48305,Texas,Lynn County
2676,48,307,48307,Texas,Mcculloch County
2677,48,309,48309,Texas,Mclennan County
2678,48,311,48311,Texas,Mcmullen County
2679,48,313,48313,Texas,Madison County
2680,48,315,48315,Texas,Marion County
2681,48,317,48317,Texas,Martin County
2682,48,319,48319,Texas,Mason County
2683,48,321,48321,Texas,Matagorda County
2684,48,323,48323,Texas,Maverick County
2685,48,325,48325,Texas,Medina County
2686,48,327,48327,Texas,Menard County
2687,48,329,48329,Texas,Midland County
2688,48,331,48331,Texas,Milam County
2689,48,333,48333,Texas,Mills County
2690,48,335,48335,Texas,Mitchell County
2691,48,337,48337,Texas,Montague County
2692,48,339,48339,Texas,Montgomery County
2693,48,341,48341,Texas,Moore County
2694,48,343,48343,Texas,Morris County
2695,48,345,48345,Texas,Motley County
2696,48,347,48347,Texas,Nacogdoches County
2697,48,349,48349,Texas,Navarro County
2698,48,351,48351,Texas,Newton County
2699,48,353,48353,Texas,Nolan County
2700,48,355,48355,Texas,Nueces County
2701,48,357,48357,Texas,Ochiltree County
2702,48,359,48359,Texas,Oldham County
2703,48,361,48361,Texas,Orange County
2704,48,363,48363,Texas,Palo Pinto County
2705,48,365,48365,Texas,Panola County
2706,48,367,48367,Texas,Parker County
2707,48,369,48369,Texas,Parmer County
2708,48,371,48371,Texas,Pecos County
2709,48,373,48373,Texas,Polk County
2710,48,375,48375,Texas,Potter County
2711,48,377,48377,Texas,Presidio County
2712,48,379,48379,Texas,Rains County
2713,48,381,48381,Texas,Randall County
2714,48,383,48383,Texas,Reagan County
2715,48,385,48385,Texas,Real County
2716,48,387,48387,Texas,Red River County
2717,48,389,48389,Texas,Reeves County
2718,48,391,48391,Texas,Refugio County
2719,48,393,48393,Texas,Roberts County
2720,48,395,48395,Texas,Robertson County
2721,48,397,48397,Texas,Rockwall County
2722,48,399,48399,Texas,Runnels County
2723,48,401,48401,Texas,Rusk County
2724,48,403,48403,Texas,Sabine County
2725,48,405,48405,Texas,San Augustine County
2726,48,407,48407,Texas,San Jacinto County
2727,48,409,48409,Texas,San Patricio County
2728,48,411,48411,Texas,San Saba County
2729,48,413,48413,Texas,Schleicher County
2730,48,415,48415,Texas,Scurry County
2731,48,417,48417,Texas,Shackelford County
2732,48,419,48419,Texas,Shelby County
2733,48,421,48421,Texas,Sherman County
2734,48,423,48423,Texas,Smith County
2735,48,425,48425,Texas,Somervell County
2736,48,427,48427,Texas,Starr County
2737,48,429,48429,Texas,Stephens County
2738,48,431,48431,Texas,Sterling County
2739,48,433,48433,Texas,Stonewall County
2740,48,435,48435,Texas,Sutton County
2741,48,437,48437,Texas,Swisher County
2742,48,439,48439,Texas,Tarrant County
2743,48,441,48441,Texas,Taylor County
2744,48,443,48443,Texas,Terrell County
2745,48,445,48445,Texas,Terry County
2746,48,447,48447,Texas,Throckmorton County
2747,48,449,48449,Texas,Titus County
2748,48,451,48451,Texas,Tom Green County
2749,48,453,48453,Texas,Travis County
2750,48,455,48455,Texas,Trinity County
2751,48,457,48457,Texas,Tyler County
2752,48,459,48459,Texas,Upshur County
2753,48,461,48461,Texas,Upton County
2754,48,463,48463,Texas,Uvalde County
2755,48,465,48465,Texas,Val Verde County
2756,48,467,48467,Texas,Van Zandt County
2757,48,469,48469,Texas,Victoria County
2758,48,471,48471,Texas,Walker County
2759,48,473,48473,Texas,Waller County
2760,48,475,48475,Texas,Ward County
2761,48,477,48477,Texas,Washington County
2762,48,479,48479,Texas,Webb County
2763,48,481,48481,Texas,Wharton County
2764,48,483,48483,Texas,Wheeler County
2765,48,485,48485,Texas,Wichita County
2766,48,487,48487,Texas,Wilbarger County
2767,48,489,48489,Texas,Willacy County
2768,48,491,48491,Texas,Williamson County
2769,48,493,48493,Texas,Wilson County
2770,48,495,48495,Texas,Winkler County
2771,48,497,48497,Texas,Wise County
2772,48,499,48499,Texas,Wood County
2773,48,501,48501,Texas,Yoakum County
2774,48,503,48503,Texas,Young County
2775,48,505,48505,Texas,Zapata County
2776,48,507,48507,Texas,Zavala County
2777,49,1,49001,Utah,Beaver County
2778,49,3,49003,Utah,Box Elder County
2779,49,5,49005,Utah,Cache County
2780,49,7,49007,Utah,Carbon County
2781,49,9,49009,Utah,Daggett County
2782,49,11,49011,Utah,Davis County
2783,49,13,49013,Utah,Duchesne County
2784,49,15,49015,Utah,Emery County
2785,49,17,49017,Utah,Garfield County
2786,49,19,49019,Utah,Grand County
2787,49,21,49021,Utah,Iron County
2788,49,23,49023,Utah,Juab County
2789,49,25,49025,Utah,Kane County
2790,49,27,49027,Utah,Millard County
2791,49,29,49029,Utah,Morgan County
2792,49,31,49031,Utah,Piute County
2793,49,33,49033,Utah,Rich County
2794,49,35,49035,Utah,Salt Lake County
2795,49,37,49037,Utah,San Juan County
2796,49,39,49039,Utah,Sanpete County
2797,49,41,49041,Utah,Sevier County
2798,49,43,49043,Utah,Summit County
2799,49,45,49045,Utah,Tooele County
2800,49,47,49047,Utah,Uintah County
2801,49,49,49049,Utah,Utah County
2802,49,51,49051,Utah,Wasatch County
2803,49,53,49053,Utah,Washington County
2804,49,55,49055,Utah,Wayne County
2805,49,57,49057,Utah,Weber County
2806,50,1,50001,Vermont,Addison County
2807,50,3,50003,Vermont,Bennington County
2808,50,5,50005,Vermont,Caledonia County
2809,50,7,50007,Vermont,Chittenden County
2810,50,9,50009,Vermont,Essex County
2811,50,11,50011,Vermont,Franklin County
2812,50,13,50013,Vermont,Grand Isle County
2813,50,15,50015,Vermont,Lamoille County
2814,50,17,50017,Vermont,Orange County
2815,50,19,50019,Vermont,Orleans County
2816,50,21,50021,Vermont,Rutland County
2817,50,23,50023,Vermont,Washington County
2818,50,25,50025,Vermont,Windham County
2819,50,27,50027,Vermont,Windsor County
2820,51,1,51001,Virginia,Accomack County
2821,51,3,51003,Virginia,Albemarle County
2822,51,5,51005,Virginia,Alleghany County
2823,51,7,51007,Virginia,Amelia County
2824,51,9,51009,Virginia,Amherst County
2825,51,11,51011,Virginia,Appomattox County
2826,51,13,51013,Virginia,Arlington County
2827,51,15,51015,Virginia,Augusta County
2828,51,17,51017,Virginia,Bath County
2829,51,19,51019,Virginia,Bedford County
2830,51,21,51021,Virginia,Bland County
2831,51,23,51023,Virginia,Botetourt County
2832,51,25,51025,Virginia,Brunswick County
2833,51,27,51027,Virginia,Buchanan County
2834,51,29,51029,Virginia,Buckingham County
2835,51,31,51031,Virginia,Campbell County
2836,51,33,51033,Virginia,Caroline County
2837,51,35,51035,Virginia,Carroll County
2838,51,36,51036,Virginia,Charles City County
2839,51,37,51037,Virginia,Charlotte County
2840,51,41,51041,Virginia,Chesterfield County
2841,51,43,51043,Virginia,Clarke County
2842,51,45,51045,Virginia,Craig County
2843,51,47,51047,Virginia,Culpeper County
2844,51,49,51049,Virginia,Cumberland County
2845,51,51,51051,Virginia,Dickenson County
2846,51,53,51053,Virginia,Dinwiddie County
2847,51,57,51057,Virginia,Essex County
2848,51,59,51059,Virginia,Fairfax County
2849,51,61,51061,Virginia,Fauquier County
2850,51,63,51063,Virginia,Floyd County
2851,51,65,51065,Virginia,Fluvanna County
2852,51,67,51067,Virginia,Franklin County
2853,51,69,51069,Virginia,Frederick County
2854,51,71,51071,Virginia,Giles County
2855,51,73,51073,Virginia,Gloucester County
2856,51,75,51075,Virginia,Goochland County
2857,51,77,51077,Virginia,Grayson County
2858,51,79,51079,Virginia,Greene County
2859,51,81,51081,Virginia,Greensville County
2860,51,83,51083,Virginia,Halifax County
2861,51,85,51085,Virginia,Hanover County
2862,51,87,51087,Virginia,Henrico County
2863,51,89,51089,Virginia,Henry County
2864,51,91,51091,Virginia,Highland County
2865,51,93,51093,Virginia,Isle Of Wight County
2866,51,95,51095,Virginia,James City County
2867,51,97,51097,Virginia,King And Queen County
2868,51,99,51099,Virginia,King George County
2869,51,101,51101,Virginia,King William County
2870,51,103,51103,Virginia,Lancaster County
2871,51,105,51105,Virginia,Lee County
2872,51,107,51107,Virginia,Loudoun County
2873,51,109,51109,Virginia,Louisa County
2874,51,111,51111,Virginia,Lunenburg County
2875,51,113,51113,Virginia,Madison County
2876,51,115,51115,Virginia,Mathews County
2877,51,117,51117,Virginia,Mecklenburg County
2878,51,119,51119,Virginia,Middlesex County
2879,51,121,51121,Virginia,Montgomery County
2880,51,125,51125,Virginia,Nelson County
2881,51,127,51127,Virginia,New Kent County
2882,51,131,51131,Virginia,Northampton County
2883,51,133,51133,Virginia,Northumberland County
2884,51,135,51135,Virginia,Nottoway County
2885,51,137,51137,Virginia,Orange County
2886,51,139,51139,Virginia,Page County
2887,51,141,51141,Virginia,Patrick County
2888,51,143,51143,Virginia,Pittsylvania County
2889,51,145,51145,Virginia,Powhatan County
2890,51,147,51147,Virginia,Prince Edward County
2891,51,149,51149,Virginia,Prince George County
2892,51,153,51153,Virginia,Prince William County
2893,51,155,51155,Virginia,Pulaski County
2894,51,157,51157,Virginia,Rappahannock County
2895,51,159,51159,Virginia,Richmond County
2896,51,161,51161,Virginia,Roanoke County
2897,51,163,51163,Virginia,Rockbridge County
2898,51,165,51165,Virginia,Rockingham County
2899,51,167,51167,Virginia,Russell County
2900,51,169,51169,Virginia,Scott County
2901,51,171,51171,Virginia,Shenandoah County
2902,51,173,51173,Virginia,Smyth County
2903,51,175,51175,Virginia,Southampton County
2904,51,177,51177,Virginia,Spotsylvania County
2905,51,179,51179,Virginia,Stafford County
2906,51,181,51181,Virginia,Surry County
2907,51,183,51183,Virginia,Sussex County
2908,51,185,51185,Virginia,Tazewell County
2909,51,187,51187,Virginia,Warren County
2910,51,191,51191,Virginia,Washington County
2911,51,193,51193,Virginia,Westmoreland County
2912,51,195,51195,Virginia,Wise County
2913,51,197,51197,Virginia,Wythe County
2914,51,199,51199,Virginia,York County
2915,51,510,51510,Virginia,Alexandria City
2916,51,520,51520,Virginia,Bristol City
2917,51,530,51530,Virginia,Buena Vista City
2918,51,540,51540,Virginia,Charlottesville City
2919,51,550,51550,Virginia,Chesapeake City
2920,51,570,51570,Virginia,Colonial Heights City
2921,51,580,51580,Virginia,Covington City
2922,51,590,51590,Virginia,Danville City
2923,51,595,51595,Virginia,Emporia City
2924,51,600,51600,Virginia,Fairfax City
2925,51,610,51610,Virginia,Falls Church City
2926,51,620,51620,Virginia,Franklin City
2927,51,630,51630,Virginia,Fredericksburg City
2928,51,640,51640,Virginia,Galax City
2929,51,650,51650,Virginia,Hampton City
2930,51,660,51660,Virginia,Harrisonburg City
2931,51,670,51670,Virginia,Hopewell City
2932,51,678,51678,Virginia,Lexington City
2933,51,680,51680,Virginia,Lynchburg City
2934,51,683,51683,Virginia,Manassas City
2935,51,685,51685,Virginia,Manassas Park City
2936,51,690,51690,Virginia,Martinsville City
2937,51,700,51700,Virginia,Newport News City
2938,51,710,51710,Virginia,Norfolk City
2939,51,720,51720,Virginia,Norton City
2940,51,730,51730,Virginia,Petersburg City
2941,51,735,51735,Virginia,Poquoson City
2942,51,740,51740,Virginia,Portsmouth City
2943,51,750,51750,Virginia,Radford City
2944,51,760,51760,Virginia,Richmond City
2945,51,770,51770,Virginia,Roanoke City
2946,51,775,51775,Virginia,Salem City
2947,51,790,51790,Virginia,Staunton City
2948,51,800,51800,Virginia,Suffolk City
2949,51,810,51810,Virginia,Virginia Beach City
2950,51,820,51820,Virginia,Waynesboro City
2951,51,830,51830,Virginia,Williamsburg City
2952,51,840,51840,Virginia,Winchester City
2953,53,1,53001,Washington,Adams County
2954,53,3,53003,Washington,Asotin County
2955,53,5,53005,Washington,Benton County
2956,53,7,53007,Washington,Chelan County
2957,53,9,53009,Washington,Clallam County
2958,53,11,53011,Washington,Clark County
2959,53,13,53013,Washington,Columbia County
2960,53,15,53015,Washington,Cowlitz County
2961,53,17,53017,Washington,Douglas County
2962,53,19,53019,Washington,Ferry County
2963,53,21,53021,Washington,Franklin County
2964,53,23,53023,Washington,Garfield County
2965,53,25,53025,Washington,Grant County
2966,53,27,53027,Washington,Grays Harbor County
2967,53,29,53029,Washington,Island County
2968,53,31,53031,Washington,Jefferson County
2969,53,33,53033,Washington,King County
2970,53,35,53035,Washington,Kitsap County
2971,53,37,53037,Washington,Kittitas County
2972,53,39,53039,Washington,Klickitat County
2973,53,41,53041,Washington,Lewis County
2974,53,43,53043,Washington,Lincoln County
2975,53,45,53045,Washington,Mason County
2976,53,47,53047,Washington,Okanogan County
2977,53,49,53049,Washington,Pacific County
2978,53,51,53051,Washington,Pend Oreille County
2979,53,53,53053,Washington,Pierce County
2980,53,55,53055,Washington,San Juan County
2981,53,57,53057,Washington,Skagit County
2982,53,59,53059,Washington,Skamania County
2983,53,61,53061,Washington,Snohomish County
2984,53,63,53063,Washington,Spokane County
2985,53,65,53065,Washington,Stevens County
2986,53,67,53067,Washington,Thurston County
2987,53,69,53069,Washington,Wahkiakum County
2988,53,71,53071,Washington,Walla Walla County
2989,53,73,53073,Washington,Whatcom County
2990,53,75,53075,Washington,Whitman County
2991,53,77,53077,Washington,Yakima County
2992,54,1,54001,West Virginia,Barbour County
2993,54,3,54003,West Virginia,Berkeley County
2994,54,5,54005,West Virginia,Boone County
2995,54,7,54007,West Virginia,Braxton County
2996,54,9,54009,West Virginia,Brooke County
2997,54,11,54011,West Virginia,Cabell County
2998,54,13,54013,West Virginia,Calhoun County
2999,54,15,54015,West Virginia,Clay County
3000,54,17,54017,West Virginia,Doddridge County
3001,54,19,54019,West Virginia,Fayette County
3002,54,21,54021,West Virginia,Gilmer County
3003,54,23,54023,West Virginia,Grant County
3004,54,25,54025,West Virginia,Greenbrier County
3005,54,27,54027,West Virginia,Hampshire County
3006,54,29,54029,West Virginia,Hancock County
3007,54,31,54031,West Virginia,Hardy County
3008,54,33,54033,West Virginia,Harrison County
3009,54,35,54035,West Virginia,Jackson County
3010,54,37,54037,West Virginia,Jefferson County
3011,54,39,54039,West Virginia,Kanawha County
3012,54,41,54041,West Virginia,Lewis County
3013,54,43,54043,West Virginia,Lincoln County
3014,54,45,54045,West Virginia,Logan County
3015,54,47,54047,West Virginia,Mcdowell County
3016,54,49,54049,West Virginia,Marion County
3017,54,51,54051,West Virginia,Marshall County
3018,54,53,54053,West Virginia,Mason County
3019,54,55,54055,West Virginia,Mercer County
3020,54,57,54057,West Virginia,Mineral County
3021,54,59,54059,West Virginia,Mingo County
3022,54,61,54061,West Virginia,Monongalia County
3023,54,63,54063,West Virginia,Monroe County
3024,54,65,54065,West Virginia,Morgan County
3025,54,67,54067,West Virginia,Nicholas County
3026,54,69,54069,West Virginia,Ohio County
3027,54,71,54071,West Virginia,Pendleton County
3028,54,73,54073,West Virginia,Pleasants County
3029,54,75,54075,West Virginia,Pocahontas County
3030,54,77,54077,West Virginia,Preston County
3031,54,79,54079,West Virginia,Putnam County
3032,54,81,54081,West Virginia,Raleigh County
3033,54,83,54083,West Virginia,Randolph County
3034,54,85,54085,West Virginia,Ritchie County
3035,54,87,54087,West Virginia,Roane County
3036,54,89,54089,West Virginia,Summers County
3037,54,91,54091,West Virginia,Taylor County
3038,54,93,54093,West Virginia,Tucker County
3039,54,95,54095,West Virginia,Tyler County
3040,54,97,54097,West Virginia,Upshur County
3041,54,99,54099,West Virginia,Wayne County
3042,54,101,54101,West Virginia,Webster County
3043,54,103,54103,West Virginia,Wetzel County
3044,54,105,54105,West Virginia,Wirt County
3045,54,107,54107,West Virginia,Wood County
3046,54,109,54109,West Virginia,Wyoming County
3047,55,1,55001,Wisconsin,Adams County
3048,55,3,55003,Wisconsin,Ashland County
3049,55,5,55005,Wisconsin,Barron County
3050,55,7,55007,Wisconsin,Bayfield County
3051,55,9,55009,Wisconsin,Brown County
3052,55,11,55011,Wisconsin,Buffalo County
3053,55,13,55013,Wisconsin,Burnett County
3054,55,15,55015,Wisconsin,Calumet County
3055,55,17,55017,Wisconsin,Chippewa County
3056,55,19,55019,Wisconsin,Clark County
3057,55,21,55021,Wisconsin,Columbia County
3058,55,23,55023,Wisconsin,Crawford County
3059,55,25,55025,Wisconsin,Dane County
3060,55,27,55027,Wisconsin,Dodge County
3061,55,29,55029,Wisconsin,Door County
3062,55,31,55031,Wisconsin,Douglas County
3063,55,33,55033,Wisconsin,Dunn County
3064,55,35,55035,Wisconsin,Eau Claire County
3065,55,37,55037,Wisconsin,Florence County
3066,55,39,55039,Wisconsin,Fond Du Lac County
3067,55,41,55041,Wisconsin,Forest County
3068,55,43,55043,Wisconsin,Grant County
3069,55,45,55045,Wisconsin,Green County
3070,55,47,55047,Wisconsin,Green Lake County
3071,55,49,55049,Wisconsin,Iowa County
3072,55,51,55051,Wisconsin,Iron County
3073,55,53,55053,Wisconsin,Jackson County
3074,55,55,55055,Wisconsin,Jefferson County
3075,55,57,55057,Wisconsin,Juneau County
3076,55,59,55059,Wisconsin,Kenosha County
3077,55,61,55061,Wisconsin,Kewaunee County
3078,55,63,55063,Wisconsin,La Crosse County
3079,55,65,55065,Wisconsin,Lafayette County
3080,55,67,55067,Wisconsin,Langlade County
3081,55,69,55069,Wisconsin,Lincoln County
3082,55,71,55071,Wisconsin,Manitowoc County
3083,55,73,55073,Wisconsin,Marathon County
3084,55,75,55075,Wisconsin,Marinette County
3085,55,77,55077,Wisconsin,Marquette County
3086,55,78,55078,Wisconsin,Menominee County
3087,55,79,55079,Wisconsin,Milwaukee County
3088,55,81,55081,Wisconsin,Monroe County
3089,55,83,55083,Wisconsin,Oconto County
3090,55,85,55085,Wisconsin,Oneida County
3091,55,87,55087,Wisconsin,Outagamie County
3092,55,89,55089,Wisconsin,Ozaukee County
3093,55,91,55091,Wisconsin,Pepin County
3094,55,93,55093,Wisconsin,Pierce County
3095,55,95,55095,Wisconsin,Polk County
3096,55,97,55097,Wisconsin,Portage County
3097,55,99,55099,Wisconsin,Price County
3098,55,101,55101,Wisconsin,Racine County
3099,55,103,55103,Wisconsin,Richland County
3100,55,105,55105,Wisconsin,Rock County
3101,55,107,55107,Wisconsin,Rusk County
3102,55,109,55109,Wisconsin,St. Croix County
3103,55,111,55111,Wisconsin,Sauk County
3104,55,113,55113,Wisconsin,Sawyer County
3105,55,115,55115,Wisconsin,Shawano County
3106,55,117,55117,Wisconsin,Sheboygan County
3107,55,119,55119,Wisconsin,Taylor County
3108,55,121,55121,Wisconsin,Trempealeau County
3109,55,123,55123,Wisconsin,Vernon County
3110,55,125,55125,Wisconsin,Vilas County
3111,55,127,55127,Wisconsin,Walworth County
3112,55,129,55129,Wisconsin,Washburn County
3113,55,131,55131,Wisconsin,Washington County
3114,55,133,55133,Wisconsin,Waukesha County
3115,55,135,55135,Wisconsin,Waupaca County
3116,55,137,55137,Wisconsin,Waushara County
3117,55,139,55139,Wisconsin,Winnebago County
3118,55,141,55141,Wisconsin,Wood County
3119,56,1,56001,Wyoming,Albany County
3120,56,3,56003,Wyoming,Big Horn County
3121,56,5,56005,Wyoming,Campbell County
3122,56,7,56007,Wyoming,Carbon County
3123,56,9,56009,Wyoming,Converse County
3124,56,11,56011,Wyoming,Crook County
3125,56,13,56013,Wyoming,Fremont County
3126,56,15,56015,Wyoming,Goshen County
3127,56,17,56017,Wyoming,Hot Springs County
3128,56,19,56019,Wyoming,Johnson County
3129,56,21,56021,Wyoming,Laramie County
3130,56,23,56023,Wyoming,Lincoln County
3131,56,25,56025,Wyoming,Natrona County
3132,56,27,56027,Wyoming,Niobrara County
3133,56,29,56029,Wyoming,Park County
3134,56,31,56031,Wyoming,Platte County
3135,56,33,56033,Wyoming,Sheridan County
3136,56,35,56035,Wyoming,Sublette County
3137,56,37,56037,Wyoming,Sweetwater County
3138,56,39,56039,Wyoming,Teton County
3139,56,41,56041,Wyoming,Uinta County
3140,56,43,56043,Wyoming,Washakie County
3141,56,45,56045,Wyoming,Weston County
3142,72,1,72001,,Adjuntas Municipio
3143,72,3,72003,,Aguada Municipio
3144,72,5,72005,,Aguadilla Municipio
3145,72,7,72007,,Aguas Buenas Municipio
3146,72,9,72009,,Aibonito Municipio
3147,72,11,72011,,Añasco Municipio
3148,72,13,72013,,Arecibo Municipio
3149,72,15,72015,,Arroyo Municipio
3150,72,17,72017,,Barceloneta Municipio
3151,72,19,72019,,Barranquitas Municipio
3152,72,21,72021,,Bayamón Municipio
3153,72,23,72023,,Cabo Rojo Municipio
3154,72,25,72025,,Caguas Municipio
3155,72,27,72027,,Camuy Municipio
3156,72,29,72029,,Canóvanas Municipio
3157,72,31,72031,,Carolina Municipio
3158,72,33,72033,,Cataño Municipio
3159,72,35,72035,,Cayey Municipio
3160,72,37,72037,,Ceiba Municipio
3161,72,39,72039,,Ciales Municipio
3162,72,41,72041,,Cidra Municipio
3163,72,43,72043,,Coamo Municipio
3164,72,45,72045,,Comerío Municipio
3165,72,47,72047,,Corozal Municipio
3166,72,49,72049,,Culebra Municipio
3167,72,51,72051,,Dorado Municipio
3168,72,53,72053,,Fajardo Municipio
3169,72,54,72054,,Florida Municipio
3170,72,55,72055,,Guánica Municipio
3171,72,57,72057,,Guayama Municipio
3172,72,59,72059,,Guayanilla Municipio
3173,72,61,72061,,Guaynabo Municipio
3174,72,63,72063,,Gurabo Municipio
3175,72,65,72065,,Hatillo Municipio
3176,72,67,72067,,Hormigueros Municipio
3177,72,69,72069,,Humacao Municipio
3178,72,71,72071,,Isabela Municipio
3179,72,73,72073,,Jayuya Municipio
3180,72,75,72075,,Juana Díaz Municipio
3181,72,77,72077,,Juncos Municipio
3182,72,79,72079,,Lajas Municipio
3183,72,81,72081,,Lares Municipio
3184,72,83,72083,,Las Marías Municipio
3185,72,85,72085,,Las Piedras Municipio
3186,72,87,72087,,Loíza Municipio
3187,72,89,72089,,Luquillo Municipio
3188,72,91,72091,,Manatí Municipio
3189,72,93,72093,,Maricao Municipio
3190,72,95,72095,,Maunabo Municipio
3191,72,97,72097,,Mayagüez Municipio
3192,72,99,72099,,Moca Municipio
3193,72,101,72101,,Morovis Municipio
3194,72,103,72103,,Naguabo Municipio
3195,72,105,72105,,Naranjito Municipio
3196,72,107,72107,,Orocovis Municipio
3197,72,109,72109,,Patillas Municipio
3198,72,111,72111,,Peñuelas Municipio
3199,72,113,72113,,Ponce Municipio
3200,72,115,72115,,Quebradillas Municipio
3201,72,117,72117,,Rincón Municipio
3202,72,119,72119,,Río Grande Municipio
3203,72,121,72121,,Sabana Grande Municipio
3204,72,123,72123,,Salinas Municipio
3205,72,125,72125,,San Germán Municipio
3206,72,127,72127,,San Juan Municipio
3207,72,129,72129,,San Lorenzo Municipio
3208,72,131,72131,,San Sebastián Municipio
3209,72,133,72133,,Santa Isabel Municipio
3210,72,135,72135,,Toa Alta Municipio
3211,72,137,72137,,Toa Baja Municipio
3212,72,139,72139,,Trujillo Alto Municipio
3213,72,141,72141,,Utuado Municipio
3214,72,143,72143,,Vega Alta Municipio
3215,72,145,72145,,Vega Baja Municipio
3216,72,147,72147,,Vieques Municipio
3217,72,149,72149,,Villalba Municipio
3218,72,151,72151,,Yabucoa Municipio
3219,72,153,72153,,Yauco Municipio
